0.59750569,0.42849746,0.12849747,0.00000000,0.10881884,0.00000000,0.00000000,0.00000000,0.00000000,0.15384370,0.00000000,0.00672047,0.40164036,0.18557213,0.50816643,0.20816644,0.17985873,0.00000000,0.64424038,0.36147869,0.36586705,0.06586705,0.10829292,0.00000000,0.31348947,0.66464955,0.36464953,0.06464954,0.28008333,0.00000000,0.00000000,0.00000000,0.14544173,0.19539022,0.00000000,0.10472317,0.00000000,0.30464816,0.01933828,0.10421106,0.21041277,0.25789514,0.41514772,0.39299309,0.58451158,0.28451157,0.37298369,0.44179279,0.21807370,0.15076540,0.00000000,0.00711044,0.00000000,0.18022266,0.26653796,0.00000000,0.00000000,0.12406518,0.49817210,0.59082162,0.29082161,0.00000000,0.52199364,0.29754132,0.58833820,0.28833818,0.00000000,0.00000000,0.01237174,0.01938805,0.00000000,0.30175817,0.32837129,0.02837129,0.11555561,0.12263666,0.62348473,0.60350662,0.31911466,0.01911465,0.00000000,0.19161680,0.00752355,0.25909323,0.00000000,0.00000000,0.19855705,0.32092372,0.02092372,0.00000000,0.29856044,0.00000000,0.37186939,0.07186939,0.00000000,0.23814735,0.00000000,0.02460980,0.24632646,0.00000000,0.00000000,0.27321401,0.08784703,0.00000000,0.26166749,0.01480945,0.38571513,0.84345978,0.54345977,0.24345978,0.14915234,0.22136426,0.15176727,0.00000000,0.00000000,0.08449603,0.19333409,0.11594908,0.00000000,0.00000000,0.00000000,0.00000000,0.00000000,0.04306394,0.00000000,0.14804113,0.00000000,0.00000000,0.21405670,0.33724013,0.03724013,0.31012481,0.19057365,0.30844593,0.00844593,0.36843705,0.19701758,0.28469920,0.00000000,0.00000000,0.00000000,0.00000000,0.00245542,0.11960627,0.00000000,0.18393973,0.00000000,0.37102550,0.37067449,0.07067449,0.35991400,0.24584445,0.30853269,0.46914130,0.77166182,0.47166181,0.62742311,0.32742310,0.02742309,0.00000000,0.13621867,0.41752136,0.19918755,0.03057773,0.00000000,0.20863988
0.29750568,0.58696681,0.32840723,0.11153293,0.00000000,0.00000000,0.02376179,0.00000000,0.43244183,0.13244183,0.00000000,0.00000000,0.10164036,0.34187412,0.20816644,0.56854993,0.32697827,0.28583100,0.34424037,0.78042656,0.48042655,0.18042655,0.16969380,0.16511068,0.01348947,0.36464953,0.54755425,0.34957430,0.04957430,0.14455229,0.01786809,0.00973027,0.00000000,0.00000000,0.10425974,0.00000000,0.00000000,0.00464816,0.13079491,0.06247103,0.04812918,0.32101113,0.44124296,0.30956835,0.28451157,0.56803501,0.41710013,0.49422652,0.64350837,0.34350836,0.04374184,0.01725882,0.00000000,0.00000000,0.30680776,0.19673301,0.00000000,0.08953150,0.19817211,0.41845039,0.52712035,0.38642126,0.22199364,0.54175872,0.32565126,0.69135559,0.39135557,0.09135558,0.04083813,0.00000000,0.00000000,0.01473010,0.11716661,0.09923038,0.00000000,0.08802107,0.32348472,0.53894478,0.87969488,0.57969487,0.27969486,0.13250132,0.20866367,0.04292170,0.30005234,0.33140141,0.26059639,0.05788866,0.43122578,0.13122578,0.00000000,0.01018372,0.07186939,0.14748542,0.00000000,0.06747103,0.18748802,0.00000000,0.00194776,0.07395332,0.00000000,0.07017358,0.11589634,0.05693363,0.23013215,0.10211942,0.08571513,0.54345977,0.96964008,0.66964006,0.36964005,0.28473243,0.28640103,0.44436824,0.14436825,0.00000000,0.00000000,0.07889930,0.67633229,0.37633228,0.33414847,0.03414847,0.08588199,0.15537086,0.00000000,0.15843846,0.42278779,0.12278779,0.00000000,0.05363913,0.42555377,0.12555377,0.08195314,0.00844593,0.25120187,0.16949524,0.25736910,0.04688436,0.31782794,0.04149696,0.00000000,0.25395557,0.07167497,0.00000000,0.08574069,0.11548199,0.00000000,0.07102551,0.17147264,0.41293788,0.21253039,0.47336501,0.17336501,0.17616861,0.47166181,0.95386356,0.65386355,0.43451637,0.33661386,0.10137911,0.14030589,0.25646803,0.33518815,0.03518815,0.00000000,0.00000000
0.35221231,0.53596842,0.40200284,0.35187963,0.05187963,0.08714800,0.00000000,0.40030807,0.24445432,0.62902486,0.47072262,0.17072262,0.00000000,0.07795544,0.40883827,0.59842229,0.83559787,0.53559786,0.23559786,0.71318805,1.47601390,1.17601395,0.87601393,0.57601392,0.27601391,0.06464954,0.59592998,0.49280331,0.20777342,0.31416163,0.65544802,0.35544801,0.20385630,0.00000000,0.05180409,0.17287976,0.08420065,0.00000000,0.00000000,0.02129631,0.11331782,0.29629564,0.33674276,0.30740565,0.18410382,0.44520730,1.29386115,0.99386114,0.69386113,0.88701409,0.58701408,0.28701407,0.00000000,0.04231407,0.12373945,0.27019218,0.43773913,0.28396088,0.00000000,0.11845039,0.27588922,0.53432494,0.23432495,0.84955508,1.14066291,0.84066290,0.54066288,0.25489107,0.41853279,0.23300591,0.26180726,0.73914790,0.43914789,0.13914789,0.00000000,0.12144943,0.02348472,0.67856890,1.05144095,0.75144094,1.00047326,0.70047325,0.40871716,0.13908783,0.00005234,0.24288641,0.13709575,0.35275680,0.13122578,0.59521383,0.29521382,0.00000000,0.00000000,0.00000000,0.00000000,0.28798941,0.01877367,0.25846803,0.09522428,0.00000000,0.00000000,0.72395289,0.42395288,0.12395288,0.18674156,0.00176303,0.00000000,0.51962322,1.09709620,1.09190822,0.79190820,0.94455189,0.64455187,0.34455186,0.44052073,0.21678904,0.00000000,0.00000000,0.37633228,0.55398667,0.27207237,0.40552312,0.13884410,0.50389862,0.20389862,0.00000000,0.12755427,0.19675034,0.00000000,0.00000000,0.15788142,0.21849538,0.04848092,0.00000000,0.00000000,0.86754835,0.65252006,0.35252005,0.13172016,0.48461041,0.18461041,0.00000000,0.43919039,0.65152395,0.35152394,0.38647294,0.10393463,0.00000000,0.00000000,0.11293788,1.08801949,0.83637929,0.53637928,0.23637928,0.26640183,1.24993825,0.94993824,0.71774608,0.41774607,0.53820682,0.77306992,0.94996554,0.64996552,0.34996551,0.04996551,0.34410888
0.15797774,0.29791370,1.37735915,1.07735920,0.77735919,0.47735918,0.17735918,0.10030808,0.39051548,0.43565458,0.60216725,0.37198558,0.18705812,0.00000000,0.27182376,0.34381685,0.62237883,0.90971303,0.65392888,0.41318804,1.17601395,1.56666398,1.47250772,1.17250776,1.00102806,0.70102805,0.40102804,0.51155204,0.50720310,0.27587050,0.35544801,0.71093565,0.41093564,0.35149771,0.05149771,0.05807324,0.20608479,0.36215377,0.06215377,0.00000000,0.00000000,0.16718312,0.26606345,0.49789917,0.41183978,0.33783507,0.99386114,1.62825227,1.32825232,1.02825236,0.77542645,0.95921361,0.65921360,0.35921359,0.30544111,0.00544111,0.14928333,0.78090787,0.48090786,0.18090786,0.17047048,0.37032551,0.61785710,0.54955506,0.91149056,0.83438104,0.58260500,0.52450913,0.22450913,0.28527465,0.26184291,0.43914789,0.79871649,0.91039181,0.61039180,0.31039178,0.19273782,0.48278230,1.07150698,0.93318242,0.92862856,1.04870629,0.74870628,0.46716988,0.16716988,0.00000000,0.54848450,0.31703454,0.10573439,0.29521382,0.51325661,0.51313221,0.21313222,0.28342953,0.00000000,0.08123437,0.04949129,0.06341207,0.74508834,0.44508833,0.14508833,0.42395288,0.63314247,0.76719600,0.46719599,0.38436800,0.15264176,0.21962322,0.89207637,1.38020539,1.35128713,1.05128717,0.94135559,0.76173013,0.93915230,0.63915229,0.80392456,0.61285269,0.31285268,0.30012381,0.34836358,0.16752976,0.46266973,0.20389862,0.43699604,0.16026667,0.00000000,0.00000000,0.92076260,0.62076259,0.32076257,0.65477622,0.35477620,0.63803649,0.33803648,0.56754833,0.89204955,1.38816452,1.08816457,0.78816456,0.48816454,0.21882482,0.22172219,0.45399421,0.49035212,0.83995396,0.53995395,0.23995395,0.00000000,0.00000000,0.78801948,1.14848602,0.89107639,0.70876437,0.40876436,0.94993824,1.29699063,1.02077293,0.80166513,0.50166512,0.47306991,0.81023979,1.23272884,0.97885263,0.67885262,0.37885261
0.00000000,0.06369515,1.07735920,1.45074058,1.15074062,0.85074061,0.55074060,0.26208907,0.09051548,0.66175789,0.36175787,0.45357326,0.32056335,0.16346006,0.00000000,0.21627584,0.32237881,0.73286402,0.77411497,0.63799334,0.87601393,1.26666403,1.79325759,1.49325764,1.33060634,1.03060639,0.73060638,0.59622926,0.47690812,0.62988043,0.32988042,0.50785410,0.67085159,0.53943914,0.23943914,0.00000000,0.14154325,0.38358879,0.49376476,0.19376476,0.00000000,0.00000000,0.14035547,0.19858788,0.31679392,0.56054509,0.69386113,1.32825232,1.71440339,1.41440344,1.14941144,1.06061864,1.17672348,0.91017497,0.61017495,0.31017494,0.01017494,0.48090786,0.74974376,0.44974375,0.25610918,0.16055036,0.31785709,0.59324908,0.61149055,0.85882580,0.75035077,0.61715490,0.31715488,0.16532472,0.37050122,0.13914789,0.49871647,1.19673324,0.89673322,0.59673321,0.29673320,0.36635059,0.77150697,1.10273480,1.07743573,0.95700169,1.00436389,0.72009438,0.50607455,0.20607455,0.24848451,0.53905743,0.24924374,0.04382152,0.24599007,0.82644278,0.52644277,0.54602993,0.24602993,0.00000000,0.17021500,0.13437960,0.44508833,0.96764868,0.66764867,0.36764866,0.37161565,0.87735796,0.74947494,0.60190010,0.46113235,0.16113235,0.59207636,1.09980345,1.60130215,1.30130219,1.07711267,1.36722183,1.28889298,1.13918161,1.12088823,1.25578308,0.95578307,0.65578306,0.35578305,0.31583002,0.25974423,0.30681044,0.13699605,0.46151704,0.29020065,0.00000000,0.62076259,0.69793779,0.66591930,0.62095189,0.36318243,0.74621487,0.63378322,0.33832812,0.59204954,1.37577891,1.19230223,1.20413530,0.90413529,0.61317122,0.37410259,0.22071721,0.51332915,0.74422371,0.89035696,0.59035695,0.29035693,0.00000000,0.48801947,0.84848601,1.15525198,0.85525197,0.55525196,0.64993823,0.99699062,1.23011303,1.25166392,0.97824973,0.67824972,0.51023978,1.01095903,1.49470234,1.19470239,0.89470237
0.00000000,0.00000000,0.77735919,1.15074062,1.89828134,1.59828138,1.51102400,1.21102405,0.91102403,0.61102402,0.39886850,0.54475468,0.67023313,0.38689041,0.08689041,0.00000000,0.07385863,0.47580463,0.78290683,0.98706579,0.68706578,0.96666402,1.49325764,1.83331788,1.53331792,1.30828273,1.00828278,0.92594194,0.74117672,0.44117671,0.56961411,0.57127035,0.47538945,0.53105515,0.27854189,0.14155143,0.00000000,0.25389725,0.73320037,0.55289024,0.25289023,0.00000000,0.04038667,0.20880292,0.20533289,0.45880082,0.45741335,1.02825236,1.41440344,1.60341477,2.05494070,1.75494075,1.45494080,1.15494084,0.85494083,0.55494082,0.38269684,0.18090786,0.46936125,0.80196762,0.56746435,0.28589660,0.19348964,0.29324907,0.40150070,0.58714980,1.10655367,0.80655366,0.73730659,0.43730658,0.58003771,0.31931221,0.19871648,0.89673322,1.15892100,0.85892099,0.61040294,0.31040293,0.47150695,0.80273479,1.17539978,1.50429988,1.20429993,1.03200662,0.98996222,0.68996221,0.38996220,0.38617748,0.60049260,0.63099903,0.33099902,0.52644277,0.79606116,0.61261785,0.54142380,0.33007181,0.19102186,0.00000000,0.14508833,0.66764867,0.81072402,0.52334082,0.47504073,0.57735795,0.85214829,0.96308887,0.66308886,0.36308885,0.29207635,0.79980344,1.30130219,1.59503102,1.64466500,1.49952912,1.19952917,1.10916710,1.17505026,0.95578307,1.39962721,1.24132288,0.94132286,0.64132285,0.34132284,0.24889706,0.14817423,0.71500945,0.50917703,0.28505415,0.32076257,0.85298228,1.11357188,0.81357187,0.58674282,0.44621485,1.04196501,0.74196500,0.44196498,1.07577896,1.42868626,1.69091654,1.81244648,1.51244652,1.21244657,0.91244656,0.61244655,0.44422370,0.77188349,0.97051376,0.67051375,0.37051374,0.18801947,0.54848599,1.08179402,1.20322478,0.90322477,0.60322475,0.69699061,0.93011302,1.64083803,1.75908577,1.45908582,1.15908587,0.85908586,1.19470239,1.33119941,1.03119946
0.00000000,0.00000000,0.50731039,0.88636476,1.59828138,2.11713767,1.97340226,1.67340231,1.37340236,1.07340240,0.77340239,0.49522063,0.68540466,0.60559249,0.44200367,0.14200367,0.00000000,0.37858576,0.64685810,0.84752041,0.68388200,0.66666400,1.24822712,1.59039092,2.17671156,1.87671161,1.57671165,1.27671170,1.15976191,0.85976189,0.55976188,0.80694187,0.60706580,0.61374354,0.31374353,0.36728477,0.12688367,0.35296142,0.59277648,0.81353641,0.51353639,0.21353640,0.00000000,0.31851172,0.38247877,0.36487132,0.28467709,0.72825235,1.11440349,1.37015569,1.96920311,2.03096581,1.89074624,1.66502607,1.36502612,1.06502616,0.76502615,0.46502614,0.34729576,0.55340242,1.00893021,0.71908271,0.50641257,0.20641257,0.10150070,0.28714979,0.80655366,1.11234379,0.81234378,0.59883690,0.75292051,0.45292050,0.51691538,0.59673321,0.99854487,1.08231390,0.99301767,0.69301766,0.39301765,0.50273478,0.99218321,1.26872718,1.48892283,1.38697672,1.16354942,0.86354941,0.87145078,0.58173293,0.30049258,0.78848517,0.73659962,0.64596975,0.70547700,1.15135002,0.85135001,0.59806788,0.31535187,0.12523599,0.29000735,0.36764866,0.77774405,0.57600909,0.61680281,0.72164249,0.55214828,1.22553289,1.10952747,0.80952746,0.50952744,0.49980342,1.00130224,1.29503107,1.77697551,1.95357442,1.73561072,1.43561077,1.63387847,1.42156935,1.12156940,1.63753045,1.33753049,1.08355939,0.78355938,0.48355937,0.18355937,0.58339596,0.74845636,0.47896200,0.81590205,0.55692405,1.12406504,1.52476597,1.22476602,1.02551341,0.74196500,0.80259740,0.50259739,0.99339235,1.12868631,1.73071325,2.07163548,1.77163553,1.61790240,1.31790245,1.04143119,0.74143118,0.52431494,1.12412906,1.01125503,0.71125501,0.41125500,0.24848600,0.84235132,1.32722759,1.24483836,0.94483835,0.73218584,0.75719941,1.37811542,1.82440531,1.52440536,1.22440541,1.30423367,1.09750688,1.09010220,1.36209655
0.00000000,0.00000000,0.20731039,0.58636475,1.29828143,1.81713772,2.21315718,2.06386995,1.76387000,1.46736670,1.34137917,1.04137921,0.74137920,0.64378154,0.55525357,0.33991295,0.03991295,0.07858576,0.34685808,0.54752040,0.89264810,0.65085763,0.94822711,1.29039097,1.87671161,2.02231550,1.86088622,2.17356157,1.87356162,1.57356167,1.27356172,0.97356170,0.89661682,1.02867913,0.75787461,0.45787460,0.48524916,0.22009017,0.72157145,1.00097823,0.83291340,0.53291339,0.23291339,0.01851172,0.17741424,0.14757249,0.30225050,0.42825234,0.81440347,1.76681828,1.66920316,1.98737669,2.73723698,2.49442625,2.19442630,1.89442635,1.59442639,1.29442644,0.99442643,0.69442642,0.70893019,1.01546717,0.71546715,0.42461005,0.12461005,0.08201168,0.50655365,0.81234378,1.05106914,1.17190981,0.87190980,0.71958679,0.78751516,0.48751515,0.69854486,0.78231388,0.88473439,0.93845737,0.63845736,0.67170358,0.69218320,0.96872717,1.32571363,1.42292106,1.39910710,1.13960087,0.83960086,0.73622811,0.80820012,0.50820011,1.22512197,0.92512196,0.62512195,0.85135001,1.15375710,0.85375708,0.88242316,0.58242315,0.28242314,0.42288744,0.87128371,0.71568054,0.66402006,0.56504750,0.72224414,0.92553288,1.03038359,0.82424057,0.67259377,0.37259376,0.70130223,0.99503106,1.47697556,1.79624248,2.08174109,2.15355492,1.85355496,1.68351066,1.47331679,1.34698415,1.74775147,1.44775152,1.19329500,0.89329499,0.59329498,0.29329497,0.87164468,0.78101844,0.51590204,0.72866505,0.82406503,1.22476602,1.51350260,1.21350265,1.07480311,0.77480310,0.83707899,0.69339234,0.99280405,1.43071330,1.84802973,2.09694767,1.79694772,1.64120984,1.44838822,1.14838827,0.94989502,0.82412905,1.10074830,1.07406986,0.77406985,0.47406983,0.54235131,1.02722764,1.11640561,1.08538640,0.82140082,0.57349122,1.07811546,1.52440536,1.84361613,1.54361618,1.24361622,1.65979445,1.37437296,1.22237492
0.00000000,0.00000000,0.00000000,0.28636473,0.99828142,1.51713777,1.91315722,2.29609609,1.99609613,1.88096189,1.58096194,1.28096199,0.98096198,0.69530010,0.46433330,0.62565523,0.32565522,0.04851590,0.04685808,0.26141289,0.59264809,1.03686881,0.73686880,0.99039096,1.57671165,1.77671063,1.93228769,1.95204878,2.17268562,1.91860509,1.61860514,1.31860518,1.01860523,0.72867912,0.96531844,0.66531843,0.54354948,0.48560584,0.42157143,0.83231694,0.87836337,0.67592394,0.82507813,0.52507812,0.22507812,0.29897457,0.05053540,0.16138124,0.51440346,1.46681833,1.81090498,1.68737674,2.43723702,2.71074772,2.41074777,2.13599777,1.83599782,1.53599787,1.23599792,0.93599790,0.75210571,0.71546715,0.83020198,0.64413583,0.34413582,0.04413582,0.20655365,0.51234376,0.75106913,0.87190980,1.06900370,0.76900369,0.56903535,0.77229172,0.47229171,0.70494765,0.65475583,0.70798796,0.91588163,0.64768362,0.48292646,0.68120342,1.02571368,1.30419683,1.56360304,1.26360309,1.03192997,0.73192996,0.56365269,0.59818333,0.92512196,1.17726648,0.87726647,0.61776948,0.85375708,1.02472222,1.02242696,0.85132021,0.55132020,0.25132018,0.57128370,0.78999907,0.71293235,0.54564130,0.77697551,0.80571169,0.81941509,0.81029934,0.69206738,0.51960629,0.40130222,0.69503105,1.17697561,1.49624252,1.78174114,1.95009732,2.08175516,1.84271109,2.03823590,1.73823595,1.44775152,1.67718780,1.37718785,1.09383476,0.79383475,0.64750725,0.57164466,0.78571290,0.80712599,0.50712597,0.60974598,0.92476600,1.21350265,1.39288414,1.13704646,1.01712549,0.71712548,0.83235055,0.69280404,1.13071334,1.54802978,1.93708897,2.00853658,1.70853662,1.86420381,1.56420386,1.26420391,0.96420389,0.80074829,0.92395335,1.10297668,0.99474692,0.69474691,0.72722763,0.81640559,1.10400760,0.94058251,0.69666463,0.77811545,1.22440541,1.54361618,1.74196374,1.63466966,1.35979450,1.48789299,1.25397670
0.00000000,0.00000000,0.00000000,0.06522019,0.69828141,1.21713781,1.61315727,1.99609613,2.07776833,1.93137681,1.92855477,1.62855482,1.34813833,1.04813838,0.74813837,0.66697669,0.51158971,0.47026730,0.17026730,0.07261641,0.29264808,0.73686880,1.15821159,0.90440106,1.27671170,1.75093758,1.63228774,1.96503568,2.00624299,2.39152384,2.68498230,2.38498235,2.08498240,1.78498244,1.48498249,1.18498254,0.88498253,0.71680057,0.67087114,0.53231692,0.91557080,1.00049961,0.70049959,1.03450179,0.73450178,0.43450177,0.42152548,0.12152548,0.21440347,1.16681838,1.51090503,1.60311556,2.13723707,2.41074777,2.68997169,2.38997173,2.78049850,2.48049855,2.18049860,1.88049865,1.58049870,1.28049874,0.98049873,0.79763162,0.69180489,0.39180487,0.09180488,0.26563454,0.65167296,0.70286632,1.33627129,1.43950725,1.13950729,0.83950728,0.58395082,0.51697570,0.88517857,0.62785858,0.61588162,0.84172475,1.21229386,0.91229385,1.11534166,1.13853216,1.26705146,1.41281366,1.25615430,1.11727536,0.81727535,1.16418242,0.86418241,0.87726647,1.15504575,0.85926580,0.79292291,0.72472221,0.84465563,1.10159671,0.83594704,0.53594702,0.27128369,0.73168576,0.82929158,0.60600734,0.62077129,0.80501354,0.66744220,0.95761120,0.73860657,0.48792213,0.26947954,0.46529314,0.87697560,1.19624257,1.48174119,1.65009737,1.94619656,2.09266973,1.79266977,2.05063725,1.86683011,1.64872408,1.77833664,1.47833669,1.17833674,0.87833673,0.77230108,0.48577634,0.85312974,0.86720037,0.71888608,0.74143612,0.93585783,1.24406040,1.32904732,1.02904737,0.83227360,0.81830859,1.08112812,0.83071333,1.29680872,1.63708901,1.89445853,2.07941008,1.77941012,1.82331860,1.55522048,1.55019093,1.25019097,0.95019096,0.80297667,1.03928125,1.03568149,0.85210079,0.88728666,0.80400759,1.31556892,1.16414332,0.86414331,0.94833720,1.24361622,1.63752794,1.60545421,1.60297668,1.30297673,1.45468366
0.61077529,0.31077528,0.01077528,0.00000000,0.39828140,0.91713780,1.31315732,1.91972852,2.41769171,2.19965839,2.04420280,1.76134419,1.47749257,1.37115836,1.09828508,0.91213554,1.09177327,0.79177326,0.55123621,0.71341318,0.73356485,0.43686879,0.95680857,1.00446081,0.97671169,1.45093763,1.87960696,1.66503572,1.79730916,2.16982174,2.47901893,2.68974590,2.40024328,2.10024333,1.80024338,1.50024343,1.20024347,0.90024346,0.60024345,0.48526436,0.61557078,1.11889470,1.30020845,1.00020850,0.96095675,1.18751049,1.02685523,0.72685522,0.55278885,0.86681837,1.21090508,1.71622789,1.83723712,2.11074781,2.57641125,2.75861597,2.48049855,2.99831629,2.69831634,2.39831638,2.09831643,1.79831648,1.49831653,1.59685552,1.39882231,1.09882236,0.79882234,0.49882233,0.41162616,0.76217711,1.03627133,1.80210423,1.50210428,1.20210433,0.90210432,0.69306225,0.58517855,1.25512040,1.22052455,0.92052454,0.91316324,1.40178680,1.10178685,1.09162617,1.07458961,1.42261875,1.46413136,1.33142686,1.03142691,0.86418241,1.07634294,0.77634293,0.85504574,0.87428296,0.57428294,1.05503607,0.75503606,0.80466306,1.16342998,0.86342996,0.56342995,0.77246338,0.71236753,0.69753516,0.87164474,0.57164472,0.83320397,1.16524041,1.47274339,1.17274344,0.87274343,0.69651985,0.57697558,0.89624256,1.18174124,1.49830878,1.64619660,1.81975591,2.21860099,1.91860104,2.03283763,1.85746253,1.55746257,2.17585230,1.87585235,1.57585239,1.27585244,0.97585243,0.67585242,0.72220457,0.88881260,0.58881259,0.63585782,0.94406039,1.04237247,1.99706173,1.69706178,1.39706182,1.09706187,1.19435346,0.99680871,1.33708906,1.80221450,2.30470395,2.00470400,2.07237506,1.77237511,1.47237515,1.35260141,1.20988393,1.61399174,1.40523410,1.10523415,0.87920046,1.01477146,1.67840803,1.37840807,1.19843209,0.92947555,1.01413560,1.60967946,1.95009208,1.66656446,1.37409770,1.47094846,1.56755877
0.31077528,0.67873007,0.37873006,0.24404089,0.09828140,0.81906295,1.04255486,1.61972857,2.11769176,2.36317968,2.22217607,1.92217612,1.90557361,1.60557365,1.34135282,1.18776441,1.07783508,1.46856272,1.16856277,0.86856276,0.82474792,0.70986867,0.65680856,1.22709513,0.92709512,1.15093768,1.57960701,1.77645361,1.78889096,1.91895556,2.17901897,2.57196236,3.21043110,2.91043115,2.61043119,2.31043124,2.01043129,1.71043134,1.41043139,1.11043143,0.81043142,0.81889468,1.29892254,1.44229794,1.14229798,0.88751048,1.41186190,1.29320931,0.99320930,0.69320929,0.91090506,1.41622794,1.68528998,1.81074786,2.27641129,2.47444320,2.70662737,2.69831634,2.90067649,2.67779779,2.43443966,2.20784688,1.90784693,1.60784698,1.73921180,1.43921185,1.33335376,1.03335381,0.73335379,0.46217710,0.77778453,1.50210428,1.71649420,1.41649425,1.43383598,1.13383603,0.83383602,0.95512038,1.20558584,1.10067105,0.92690235,1.10178685,1.10492790,1.51237965,1.21237969,1.33901131,1.28457475,1.56373465,1.45240474,1.15240479,0.86312288,0.90575397,0.64806372,0.93504632,1.00865638,0.79305816,1.21949482,0.91949481,0.86342996,1.13664234,0.83664232,0.67950463,0.87504286,0.58726811,0.72281635,0.83847129,0.57174784,0.87810320,1.26105499,1.90730143,1.60730147,1.30730152,1.00730157,0.70730156,0.88174123,1.19830883,1.37734973,1.51975596,1.91860104,2.25647712,2.01447296,2.48291206,2.18291211,1.88291216,2.08754110,2.04381323,1.74381328,1.44381332,1.14381337,0.84381336,1.12979293,0.82979292,0.67173910,0.64406037,0.82038170,1.69706178,2.10321832,1.80321836,1.50321841,1.25690675,1.27523088,1.03708911,1.50221455,2.07545614,2.41704726,2.11704731,2.01079750,1.94103074,1.64103079,1.48580003,1.37234628,1.60250437,1.42034662,1.12034667,0.95861793,1.37840807,1.66337740,1.45547032,1.18498540,0.89646447,1.30967951,1.76869190,1.83687508,1.53687513,1.23687518,1.38435483
0.01077528,0.37873006,0.50737464,0.44250029,0.17824565,0.51906294,0.88383204,1.31972861,1.81769180,2.20414519,2.59374881,2.29374886,1.99374890,1.82141769,1.52236450,1.46749794,1.16749799,1.22340202,1.34531569,1.18167388,1.00742149,0.98643422,0.68643421,0.92709512,1.11458135,0.85630137,1.27960706,1.63215256,1.76405299,1.79210854,2.19056630,2.35762191,2.91043115,3.19441056,2.95266962,2.65266967,2.44653964,2.14653969,1.84653974,1.54653978,1.24653983,0.94653982,0.99892253,1.28018105,1.38981438,1.08981442,1.24641013,1.45259356,1.20991802,1.20334697,0.90334696,1.11622798,1.59940672,1.84651029,1.97641134,2.17444324,2.88384676,2.68266797,2.64932275,2.75139451,3.05984735,2.75984740,2.45984745,2.15984750,1.85984755,1.67253017,1.58824515,1.33031106,1.57002807,1.27002811,0.97002810,1.20210433,1.50890779,1.51641607,1.40492499,1.49676323,1.19676328,0.89676327,0.90558583,1.02087617,1.27981305,0.97981304,1.04989457,1.21237969,1.44978118,1.25025058,1.03966498,1.27198124,1.78146112,1.71890593,1.41890597,1.11890602,0.83131021,0.63504630,1.01068413,1.37076592,1.07076597,1.29145527,0.99145526,0.83664232,1.25263953,1.16289163,0.86289161,0.76246774,0.56884986,0.68792188,0.76424450,0.57810318,0.96105498,1.60730147,1.75477421,1.97177148,1.67177153,1.37177157,1.07177162,1.01834154,1.15153599,1.25797975,1.61860108,1.95647717,2.28269529,2.18291211,2.45706272,2.25281191,1.97847295,2.02803302,2.24527025,1.94527030,1.64527035,1.34527040,1.18388891,1.05384457,0.87071431,0.57071429,0.59464425,1.39706182,1.81686854,1.88891089,1.93555808,1.63555813,1.63169754,1.33169758,1.20221460,1.77545619,2.11704731,2.28282046,2.27942753,2.03024387,1.94124925,1.64124930,1.52686000,1.42090666,1.55040681,1.37460768,1.07460773,1.09040856,1.36337745,1.76172912,1.63599586,1.33599591,1.03599596,1.56718445,1.59183073,1.80797517,1.50797522,1.29514480
0.00000000,0.07873006,0.49533993,0.64496768,0.34496766,0.33174604,0.58383203,1.01972866,1.51769185,2.09736729,2.47045207,2.50308609,2.28322792,2.06345463,1.76345468,1.69199967,1.42725146,1.23721707,1.04931116,1.03223228,1.02141786,0.80372167,0.86986172,0.74043429,0.89080286,1.06159365,1.10809278,1.50304639,1.57862496,1.62270761,1.94220471,2.17949247,2.61043119,3.11536407,3.31581426,3.01581430,2.74272943,2.54409981,2.24409986,1.95477760,1.65477765,1.35477769,1.05477774,0.98018104,1.20738590,1.00229704,1.04169333,1.27896273,1.39159477,1.43010569,1.21324408,1.18074822,1.44133270,1.97873843,2.13096476,1.87444329,2.58384681,2.83102727,2.64440203,2.62442899,3.07241535,3.05069780,2.75069785,2.45069790,2.15069795,1.89862359,1.88705778,1.76292956,1.53363740,1.93579698,1.63579702,1.33579707,1.50869179,1.79824448,1.57284987,1.33932447,1.36410642,1.20613956,0.90613955,1.01923001,1.14016664,1.04543912,1.27644277,0.97999471,1.14978123,1.45887601,1.15887606,0.97198123,1.58319378,1.90373874,2.05325747,1.75325751,1.45325756,1.15325761,0.85325760,1.17254627,1.71252418,1.41252422,1.53880143,1.23880148,1.26750970,1.29940641,1.28115797,0.98115796,0.68115795,0.48806018,0.66847432,0.52089179,0.66105497,1.30730152,1.45477426,1.79558015,1.81821883,1.60611832,1.59867644,1.29867649,1.22849798,1.38377595,1.31860113,1.65647721,1.98269534,2.26489544,2.39659238,2.57596898,2.41840434,2.11840439,2.44890833,2.26888895,1.98735607,1.68735611,1.38735616,1.30830967,1.00830972,0.81633818,0.58258450,1.09706187,1.51686859,1.79549253,1.97570610,1.67570615,1.67252982,1.64946282,1.34946287,1.47545624,1.81704736,1.98282051,2.47680807,2.29185939,2.04470134,1.99865794,1.69865799,1.39865804,1.33988965,1.47784889,1.22441649,0.92441648,1.06337750,1.46172917,2.01246786,1.71246791,1.41246796,1.26718450,1.36544311,1.68599153,1.99552965,1.69552970
0.22476369,0.10477059,0.19533993,0.72264779,0.67544025,0.73954296,0.43954295,0.71972865,1.21769190,1.79736733,2.17045212,2.37557864,2.55696893,2.25696898,2.07381082,1.87378407,2.00727034,1.86639047,1.56639051,1.26639056,1.02280462,0.96951801,0.81365883,1.23188829,0.93188828,0.89840376,0.88642329,1.20304644,1.50440395,1.75168347,1.70461035,1.92355931,2.57257080,2.81536412,3.27596354,3.38191772,3.08191776,2.78191781,2.61114550,2.39340639,2.37205291,2.07205296,1.77205300,1.47205305,1.17205310,1.08025885,1.09413624,1.45217013,1.23865592,1.40388274,1.25677872,1.00874650,1.14133275,1.67873847,1.85899770,1.93423724,2.28384686,2.53102732,2.78897882,2.78389072,2.77241540,3.21475601,3.13368320,2.83368325,2.57069874,2.27069879,2.02443266,1.72443271,1.70821059,1.63579702,1.91311216,1.71438169,1.41438174,1.49824452,1.89825010,1.59825015,1.41108465,1.23466754,1.09929645,0.79929644,1.12854040,1.25985754,0.97644275,1.86631668,1.56631672,1.29994535,1.52687061,1.29302585,1.28319383,1.60373878,2.07647204,1.82997441,1.70248497,1.40248501,1.12154758,0.90194321,1.41252422,1.52467966,1.60326850,1.45890236,1.15890241,1.22216868,1.21136391,1.04199016,1.01261628,0.71261626,0.41889727,0.86073446,0.56073445,1.00730157,1.32857275,1.49558020,1.80700481,1.67972350,1.47384226,1.51349723,1.21349728,1.08377600,1.35073125,1.35647726,1.82345033,2.44926071,2.14926076,2.30582118,2.42173576,2.58962464,2.28962469,2.45148301,2.20363021,1.98920059,2.02948141,1.72948146,1.42948151,1.12948155,0.82948154,0.79706186,1.21686864,1.49549258,1.83430231,1.99126482,1.69126487,1.42245591,1.70161939,1.40161943,1.51704741,1.87287486,2.17680812,2.76242876,2.46242881,2.16242886,2.05605245,1.75605249,1.50656664,1.39152896,1.64925635,1.34925640,1.04925644,1.20170069,1.71246791,1.88036287,1.78039587,1.48039591,1.18039596,1.38599157,1.69552970,1.93259490
0.00000000,0.15602112,0.00000000,0.42264777,0.83258843,1.04945517,0.88811350,0.58811349,0.91769189,1.49736738,1.91560233,2.16768312,2.25696898,2.37063837,2.12790537,2.31835341,2.01835346,2.43207598,2.13207603,1.83207607,1.53207612,1.23207617,0.96501184,1.14309263,1.13456213,0.83456212,0.75779063,1.16740322,1.22775733,1.84085846,2.26086974,2.00843692,2.27257085,2.52140474,2.98374796,3.28246903,3.40015221,3.10015225,3.09375215,2.79375219,2.51341534,2.60347223,2.30347228,2.00347233,1.70347238,1.40347242,1.14002311,1.23214769,1.19727468,1.29795313,1.48142505,1.18142509,1.09519458,1.37873852,1.55899775,1.81350744,2.32519317,2.23102736,2.48897886,2.70463490,2.76703596,2.91475606,3.12306547,3.11799622,2.81799626,2.51799631,2.43865442,2.13865447,1.83865452,1.66961658,1.94367814,2.02736497,1.72736502,1.42736506,1.59825015,1.73410308,1.45864010,1.15864015,1.04439116,1.14713466,1.21130371,1.23433042,1.48162806,1.56631672,2.10229897,1.80229902,1.50229907,1.44011521,1.23052204,1.61722541,1.78112268,1.94446957,1.66043830,1.61472940,1.66188264,1.36188269,1.11252427,1.40315187,1.51460028,1.52040684,1.47109020,1.17109025,1.20569658,1.08725274,0.94501305,1.10168719,0.80168718,0.56073445,0.81508589,0.70730156,1.02857280,1.23654401,1.50700486,1.93862677,1.63862681,1.41234958,1.31939244,1.01939249,1.13311887,1.43764889,1.87704074,2.43844700,2.32161999,2.02162004,2.26008463,2.65636396,2.68251634,2.40432954,2.26558566,2.30967689,2.40584660,2.10584664,1.87938559,1.57938564,1.27938569,0.97938567,0.91686863,1.19549263,1.79455233,2.10855198,2.22562957,1.92562962,1.62562966,1.76750648,1.46750653,1.57287490,1.94861555,2.46242881,2.69840503,2.39840508,2.09840512,1.96882355,1.93987107,1.63987112,1.34925640,1.56255758,1.28000295,1.04758430,1.41246796,2.00982428,1.87475896,1.73481095,1.43481100,1.13481104,1.39552975,1.63259494
0.00000000,0.00000000,0.08991253,0.12801582,0.53258842,0.80609858,1.11371088,1.04195666,0.82301301,1.19736743,1.61560237,2.01948428,1.95696902,2.07063842,2.24166799,2.12504482,2.23160625,2.13207603,2.17690969,2.05811906,1.85350478,1.59092259,1.29092264,1.06007075,1.02945173,0.91977769,0.67812061,0.86740321,1.03056848,1.54085851,1.96086979,2.22988987,1.97257090,2.22140479,2.68374801,2.98246908,3.35146236,3.25175977,3.01232648,2.82566881,2.68108034,2.42391109,2.45229244,2.15229249,1.85229254,1.70986950,1.40986955,1.10986960,1.23091757,1.18543673,1.34436560,1.50111556,1.20111561,1.07873857,1.25899780,1.77813327,2.02519321,2.44749069,2.18897891,2.40463495,2.63751793,2.73291159,2.82306552,3.13650775,3.04374099,2.95557904,2.65557909,2.81291962,2.51291966,2.21291971,1.91291976,1.92432439,1.94093430,1.69411361,1.42609847,1.43410313,1.50702786,1.36688256,1.12279701,1.31830335,1.25954461,1.14096773,1.31850135,1.35600662,1.80229902,2.44071221,2.14071226,1.84071231,1.57638919,1.39232910,1.58316445,1.90200663,1.78113580,1.58267748,1.77962244,1.51987624,1.30633736,1.10315192,1.21460032,1.46602225,1.50667608,1.49397206,1.19397211,1.56496549,1.26496553,0.96496552,0.84552228,0.58233547,0.55431408,0.72079480,0.72857279,1.02417386,1.20700490,1.73055565,1.93090928,1.63090932,1.33090937,1.13352740,1.00412047,1.13764894,1.69723344,2.13844705,2.35187364,2.28959608,2.70956087,2.40956092,2.79472113,2.92321992,2.62321997,2.32322001,2.19483137,2.27656174,2.25540948,1.95540953,1.65540957,1.35540962,1.05540967,0.89549261,1.49455237,1.80855203,2.04239464,2.38585639,2.08585644,1.78585649,1.76275265,1.46275270,1.64861560,2.16242886,2.39840508,2.65800214,2.35800219,2.05800223,1.88232696,1.70728922,1.41781938,1.28160453,1.41427898,1.18513370,1.11246800,1.70982432,2.00840425,1.78471744,1.55632758,1.47105813,1.36850786,1.33259499
0.00000000,0.00000000,0.00310091,0.07270924,0.29306051,0.50609857,0.81371087,1.00038397,1.15974748,0.89736742,1.31560242,2.24662352,2.14889860,1.99615800,2.52881145,2.22881150,1.93160629,2.14809752,2.37009192,2.07009196,1.81797040,1.89995646,1.59995651,1.29995656,1.51976657,1.32713318,1.02713323,0.72713321,0.91483116,1.24085855,1.66086984,1.92988992,2.12910032,1.97593331,2.38374805,2.71580529,3.05146241,3.54020834,3.24020839,2.94020844,2.96308446,2.66308451,2.36308455,2.57606268,2.47230697,2.17230701,1.87230706,1.57230711,1.27230716,1.01434159,1.13422942,1.20111561,1.36184692,1.07914221,1.09703493,1.47813332,1.72519326,2.31513882,2.72100639,2.42100644,2.33751798,2.73840666,3.03354740,2.83650780,3.15373731,3.03647399,2.87123275,2.76376867,2.68074703,2.38902497,2.08902502,1.78902507,1.99564946,1.90797102,1.92695463,1.62695467,1.70867586,1.48546183,1.18546188,1.14770818,1.16338503,1.13984871,1.16441357,1.26388228,1.50229907,2.14071226,2.51021791,2.26508331,1.96508336,1.66508341,1.36508346,1.60200667,2.18984246,1.89252770,1.98534560,1.69238019,1.39238024,1.09238029,0.96059263,1.16602230,1.49410975,1.34252465,1.38557458,1.62232780,1.45020783,1.35697007,1.05697012,0.88285387,0.58285385,0.48407525,0.61368191,0.72417384,1.22421503,1.43055570,1.63090932,1.83592606,1.62942731,1.32942736,1.03810275,0.84414536,1.39723349,1.83844709,2.05187368,2.20193624,2.55675173,2.93286777,2.63286781,3.54109812,3.24109817,3.13664985,2.83664989,2.53664994,3.02242613,2.72242618,2.42242622,2.12242627,1.82242632,1.52242637,1.22242641,1.50855207,1.74239469,2.34050941,2.23703241,1.93703246,1.94943154,1.64943159,1.34943163,1.86242890,2.34643531,2.38151121,2.40615582,2.13996911,2.00380158,2.08590460,1.95812774,1.65812778,1.64952588,1.57335830,1.27335835,1.40982437,1.70840430,1.81850874,1.88827467,1.64331555,1.67555022,1.37555027
0.30373141,0.28753823,0.02034917,0.00000000,0.43633559,0.20609857,0.51371086,0.70038396,0.85974747,1.01468885,1.01560247,1.94662356,2.81834865,2.51834869,2.59807444,2.29807448,2.05308676,1.84809756,2.99513221,2.69513226,2.39513230,2.09513235,1.79858017,1.49858022,1.92277968,2.37917924,2.07917929,1.77917933,1.47917938,1.17917943,1.36086988,1.62988997,1.90053928,2.28890657,2.08374810,2.57026720,2.75146246,3.57708406,3.61248159,3.37224531,3.20760822,2.93608308,2.80479074,2.91946220,3.47260714,3.17260718,2.87260723,2.57260728,2.27260733,1.97260737,1.67260742,1.37260747,1.07260752,1.36245120,1.13707411,1.17813337,1.42519331,2.01513886,3.11403131,3.47281551,3.17281556,2.87281561,3.56977510,3.26977515,3.08949947,2.92240024,2.75151610,2.78063226,2.61622930,2.51332760,2.24472141,2.01931214,2.19894695,1.89894700,2.23620725,2.06328750,2.51405168,2.21405172,1.91405177,1.61405182,1.31405187,1.30523765,1.06336665,1.43432903,1.20229912,1.84071231,2.35294437,2.84580040,2.54580045,2.24580050,1.99504423,1.69504428,2.24894094,2.23448133,1.93448138,2.01785445,1.71785450,1.41785455,1.17319560,0.87319559,1.28725171,1.29313183,1.25868452,1.40251744,1.69821084,1.56305575,1.70729172,1.66366327,1.36366332,1.06366336,0.76366335,0.47303253,1.05323660,1.13055575,1.33090937,1.56082404,1.92835915,1.64979601,1.34979606,1.04979610,1.09723353,1.53844714,1.75187373,1.90193629,2.25675178,2.87462473,2.72538805,3.24109817,3.76476502,3.95454931,3.65454936,3.35454941,3.09919643,3.51144242,3.21144247,2.91144252,2.61144257,2.31144261,2.01144266,1.71144271,1.44239473,2.04050946,2.08318663,1.91408038,1.84106946,1.74194872,1.44194877,1.90724599,2.53340197,2.41964769,2.16419673,2.17032027,2.43355703,2.76221037,2.96160293,2.66160297,2.56652498,2.26652503,1.96652508,1.66652513,1.40840435,1.60369718,2.14527273,2.11449456,1.81449461,1.57211423
0.60450906,0.70298207,0.40298206,0.10298206,0.13633560,0.34581122,0.28366995,0.84807360,0.97699010,1.05116165,1.18276525,1.64662361,2.51834869,3.07690883,2.77690887,2.70989227,2.59503031,2.29503036,2.69513226,3.53380632,3.38020825,3.08020830,2.78020835,2.48020840,2.18020844,2.07917929,2.49012971,2.19012976,1.89012980,1.60936427,1.30936432,1.43112397,1.68910742,2.01733971,2.10028720,2.27026725,2.58252192,3.27708411,3.54972029,3.62318063,3.39868855,3.40306020,3.15953207,2.85953212,3.17260718,3.79754567,3.84613848,3.54613853,3.24613857,2.94613862,2.64613867,2.34613872,2.04613876,1.74613881,1.57750154,1.27750158,1.12519336,1.71513891,2.81403136,3.20207500,3.37122941,3.13784266,3.26977515,4.15281200,3.90545702,3.60545707,3.30545712,3.00545716,3.08363080,2.79380989,2.59199858,2.82885528,2.52885532,2.22885537,1.93620729,2.36712170,2.21405172,2.95515823,2.86053610,2.56053615,2.26053619,1.96053624,1.66053629,1.36053634,1.42518318,1.54071236,2.05294442,2.54580045,2.60098243,2.51319289,2.21319294,1.91319299,1.94894099,2.06941247,1.89311528,2.40718126,2.10718131,1.80718136,1.60918891,1.30918896,1.00918901,1.88789642,1.58789647,1.28789651,1.61220121,1.55827832,1.72348058,2.29319644,2.21773338,1.91773343,1.61773348,1.36387658,1.06387663,0.88374209,1.06923389,1.52086186,1.62835920,1.93483377,1.63927364,1.36407471,1.06407475,1.23844719,1.49043369,2.11447859,1.95675182,2.57462478,2.69296789,2.94109821,3.46476507,3.76720834,4.01686287,3.71686292,3.41686296,3.21144247,3.35012650,3.96359158,3.66359162,3.36359167,3.06359172,2.76359177,2.46359181,2.16359186,2.22184896,2.50781703,2.20781708,2.17548800,1.87548804,1.60724604,2.23340201,2.57071590,3.19371653,2.89371657,2.59371662,2.46221042,3.03412819,3.76017904,3.46017909,3.16017914,2.86017919,2.56017923,2.28597379,2.19169807,1.89169812,2.08439398,1.92258751,2.19701052
0.30450904,0.78526914,0.78304696,0.48304695,0.55051678,0.25051677,0.25305897,0.54807359,0.67699009,0.85677648,0.88276523,1.49822128,2.30835485,2.77690887,3.61974001,3.31974006,3.01974010,2.71974015,3.17592573,3.23380637,3.26384068,3.35708332,3.05708337,2.76523447,3.11792707,3.07899427,2.77899432,2.47899437,2.63951254,2.33951259,2.03951263,1.73951268,1.48791599,1.82118404,1.80028725,2.31790709,2.28252196,3.17440462,3.34148574,3.74545288,3.92543125,3.62543130,3.57095075,3.81370687,3.80037069,3.50037074,3.60966182,3.93754029,3.63754034,3.33754039,3.03754044,2.73754048,2.43754053,2.13754058,1.83754063,1.53754067,1.23754072,1.41513896,2.55812359,3.61108184,3.31108189,3.51434612,4.05667400,3.85281205,4.30300283,4.00300264,3.70300269,3.40300274,3.10300279,2.90049744,2.73438549,2.52885532,3.29591560,2.99591565,2.69591570,2.39591575,3.30964327,3.00964332,2.70964336,2.66197944,2.36197948,2.35524154,2.05524158,1.98061609,1.68061614,1.38061619,1.81931138,2.37879920,2.52451515,2.59098554,2.83400583,2.53400588,2.60347509,2.30347514,2.01957083,2.10718131,2.06011868,2.08564472,1.88483524,1.58483529,1.39893985,1.58789647,1.92332327,1.62332332,1.41306925,1.83694220,1.99995255,2.29471302,1.99471307,2.22700429,1.96113539,1.66113544,1.70871961,1.40871966,1.10871971,1.22086191,1.72303617,1.67508066,1.73028243,1.64092493,1.34092498,1.04092503,1.19043374,1.81447864,1.99958730,2.29371691,2.39296794,2.72620845,3.28217411,4.09296370,3.79296374,4.57182217,4.27182198,3.97774649,3.67774653,3.66359162,3.73024082,4.04209614,3.74209619,3.44209623,3.14209628,2.84209633,2.54209638,2.24209642,2.40552306,2.10552311,1.89421201,2.55690312,2.32633257,2.30586505,2.89371657,2.86663103,3.19517922,3.42076826,3.34330130,3.46017909,4.67848396,4.37848377,4.07848358,3.77848363,3.47848368,3.17848372,2.87848377,2.57848382,2.27848387,1.97848392
0.00450904,0.48526913,0.83725441,0.77092463,0.47092462,0.32004791,0.13804752,0.28380966,0.84174907,0.61995697,0.65391350,1.19822133,2.00835490,2.47690892,3.31974006,3.55657697,3.25657701,3.02766752,2.87592578,3.06339931,3.09332633,3.20675325,3.40766287,3.10766292,2.81792712,2.79740095,3.05786371,2.75786376,2.45786381,2.60999942,2.32196355,2.02196360,1.72196364,1.52118409,1.95583057,2.01790714,2.24699855,2.87440467,3.04148579,3.44545293,3.62543130,3.69864535,3.58206391,3.51370692,3.50037074,3.89573550,3.59573555,3.63754034,3.94642591,3.64642596,3.34642601,3.12661171,2.82661176,2.52661180,2.22661185,1.92661190,1.62661195,1.32661200,2.25812364,3.31108189,3.44069910,3.46079755,3.75667405,3.97538638,4.00300264,4.39672756,4.09672737,3.79672742,3.49672747,3.19672751,2.89672756,2.59672761,2.99591565,3.38396883,3.08396888,2.78396893,3.00964332,3.12346721,3.09945321,2.79945326,2.57923412,2.30635548,2.27350640,1.97350645,2.04997921,1.78647649,1.59254336,2.07879925,2.35778952,2.42501402,2.53400588,2.66892242,2.36892247,2.47762728,2.28163552,1.98163557,2.07177401,1.94324577,1.81806338,1.68129444,1.38129449,1.28789651,1.62332332,2.02359581,1.73874855,1.53694224,1.72760034,1.99471307,2.32720256,2.04550648,2.06774950,1.80649102,1.54244041,1.99887586,1.69887590,1.39887595,1.42303622,1.77772057,2.12080193,1.82080197,1.79126191,1.49126196,1.27438450,1.51447868,1.80880153,1.99371696,2.36190796,2.46631551,2.98217416,3.79296374,4.05367756,4.27182198,4.37584543,4.14608908,3.88344240,3.60244155,3.43024087,3.74209619,3.87650371,3.60086489,3.30086493,3.48109388,3.18109393,2.88109398,2.58109403,2.49707317,2.19707322,2.25690317,2.24775600,2.19508314,2.59371662,2.87623215,2.89517927,3.12076831,3.04330134,3.31229901,4.37848377,4.51234865,4.21234846,4.09565449,3.79565454,3.49565458,3.23046756,2.93046761,2.63046765,2.33046770
0.00000000,0.18526913,0.53725439,0.84265441,0.88802677,0.66933918,0.36933917,0.16459523,0.54174906,0.76027387,0.83381844,0.89822131,1.70835495,2.17690897,3.01974010,3.56074405,3.47895193,3.32946587,3.02946591,2.83233500,3.03439546,3.09135246,3.22171307,3.50862098,3.20862103,2.90862107,2.77500129,3.27470779,2.97470784,2.73059893,3.35513115,3.05513120,2.75513124,2.45513129,2.15513134,2.01166749,1.94699860,2.57440472,3.14484072,3.14545298,3.47851062,3.73402953,3.56033325,3.55021596,3.42563152,3.59573555,3.99986053,3.69986057,3.64642596,3.97322178,3.75775146,3.45775151,3.20813465,2.90813470,2.60813475,2.30813479,2.56480145,2.26480150,1.96480155,3.01108193,3.31023145,3.43647170,3.45667410,3.71858430,3.89881349,4.09672737,4.46775389,4.16775370,3.90230298,3.65396333,3.63286138,3.33286142,3.03286147,3.08396888,3.19856596,3.09199572,2.79199576,2.84079075,2.95157766,3.19409466,3.30473924,3.00473928,2.86128783,2.56128788,2.26128793,1.99633110,1.69633114,1.77879930,2.05778956,2.95130634,2.65130639,2.45166945,2.52077794,2.34710312,2.83321071,2.53321075,2.23321080,2.31006026,2.01006031,1.71006036,1.73542809,1.53889978,1.35848105,1.72359586,1.97883153,1.69878423,1.42760038,1.69471312,2.02720261,2.04217434,1.76774955,2.06315541,1.76315546,1.69887590,1.87283361,1.71851134,1.41851139,1.47772062,1.82080197,2.25935292,2.04072189,2.02041006,1.72041011,1.42041016,1.56491411,1.80638516,2.25229716,2.25691175,2.68217421,3.49296379,4.00521469,3.97421598,4.21348190,4.19017172,4.04982615,3.74982619,3.50323558,3.44209623,4.18583918,3.97976780,3.81300044,3.51300049,3.38407588,3.30819798,3.00819802,2.70819807,2.51824498,2.26805258,2.29711008,1.99711013,2.29371667,2.57623219,2.87771297,2.82076836,3.02567220,3.01229906,4.07848358,4.44371843,4.53258991,4.51203203,4.21203184,3.91203189,3.61203194,3.31203198,3.01203203,2.71203208
0.00000000,0.00000000,0.23725440,0.54265440,0.90005904,0.77080441,0.80968046,0.50968045,0.24174906,0.67794013,0.76121253,0.85834038,1.40835500,1.87690902,2.71974015,3.26074409,3.43970203,3.53198409,3.43732190,3.13732195,2.83732200,2.96609807,2.92171311,3.20862103,3.57415318,3.29583335,2.99583340,2.97470784,3.96217871,3.66217875,3.36217880,3.38351130,3.08351135,2.99834943,2.69834948,2.39834952,2.09834957,2.27440476,2.84484076,3.23121262,3.19968987,3.43402958,3.69249558,3.66418839,3.60959530,3.30959535,3.69986057,4.04080963,3.74080968,3.67322183,4.07312822,3.77837086,3.47837090,3.22181559,2.92181563,2.62181568,2.32181573,2.56825447,2.33504748,2.71108198,3.01023149,3.47287369,3.49582124,3.41858435,3.63588762,3.86646438,4.16775370,4.42234421,4.19054413,3.89054418,3.74334288,3.64462042,3.57588387,3.27588391,3.10452175,3.22505045,3.14843678,2.84843683,2.74779177,2.99166632,3.09111786,3.27365899,2.97365904,2.77632880,2.79894590,2.49894595,2.19894600,1.89894605,1.80704451,2.65130639,2.90656447,2.79045582,2.80812097,2.50812101,2.53321075,2.88134432,2.58134437,2.28134441,2.17563272,1.95910776,1.70598400,1.80953181,2.21012378,1.91012383,1.78290856,2.54435873,2.30429578,2.00429583,1.72720265,2.12243652,2.09963417,1.80802357,2.07698584,1.78396416,1.70540845,1.93497777,1.90474260,1.60474265,1.54222572,2.41048431,2.24361181,1.94361186,2.19357872,1.89357877,1.59357882,1.68152380,1.95229721,2.15861297,2.38217425,3.19296384,3.70521474,4.09537458,4.03486347,4.21951628,4.23594618,4.00398445,3.70398450,3.50027752,3.88583922,4.15050983,4.00593281,3.84495711,3.54495716,3.28493118,3.72214699,3.42214704,3.12214708,2.82214713,2.52214718,2.35254383,2.05254388,2.27623224,2.57771301,3.01073956,2.88371634,2.95734334,3.77848363,4.14371824,4.61089039,4.52956295,4.53815508,4.23815489,4.08182001,3.78182006,3.48182011,3.18182015
0.48949787,0.34879827,0.04879827,0.24265440,0.60005903,0.85885811,0.82626039,1.30312061,1.00312066,0.70312065,1.01139355,0.71139354,1.10835505,1.57690907,2.41974020,3.00695539,3.62709856,3.32709861,3.46586847,3.90309548,3.99976659,3.69976664,3.39976668,3.09976673,3.27415323,3.46798921,3.62189245,3.32189250,3.66217875,4.15103149,3.85103154,3.55103159,3.54123735,3.24123740,2.94123745,2.68809891,2.57846475,2.27846479,2.54484081,2.93121266,3.25100183,3.41756892,3.55883312,3.49163961,3.51400304,3.82201600,4.07090139,3.92480612,4.35957241,4.06276608,3.77312827,4.37347221,4.07347202,3.77347207,3.47347212,3.17347217,2.87347221,2.69747806,2.39747810,2.41108203,2.71023154,3.17287374,3.25869894,4.25888586,4.12376833,3.82376838,3.86775374,4.12234402,4.73499298,4.43677664,4.13677645,4.38908291,4.08908272,3.78908277,3.48908281,3.18947816,3.08003616,3.60175705,3.55921245,3.25921249,3.16816711,3.16120028,3.34375644,3.04375648,2.78933597,2.76353168,2.46353173,2.30883765,2.00883770,2.35130644,2.60656452,2.65779376,2.50975060,2.64761186,2.34761190,2.94988203,2.91020989,2.61020994,2.41157055,2.11157060,1.81157064,2.44998264,2.14998269,2.16152644,2.04757786,2.24435878,2.51022196,2.81411147,2.70859671,2.40859675,2.21721506,2.73108196,2.43108201,2.13108206,1.83108211,1.93104613,1.78965902,1.87270033,1.57270038,2.11048436,2.29851985,2.23957467,1.93957472,2.69890594,2.39890599,2.09890604,1.79890609,1.85861301,2.08217430,2.89296389,3.40521479,3.79537463,4.06041050,3.91951632,4.04143333,5.08987141,4.78987122,4.48987103,4.18987083,4.16440678,4.12365866,3.89954543,4.12112045,4.17629242,3.87629247,4.09300184,3.79300189,3.49300194,3.19300199,2.89300203,3.23394823,2.93394828,2.63394833,2.71073961,3.12558031,3.81498671,3.51498675,3.84371829,4.31089020,4.78268147,5.29098177,5.41167355,5.11167336,4.81167316,4.51167297,4.21167278
0.45957616,0.80975974,0.50975972,0.20975973,0.30005902,0.72680622,0.88716620,1.43801546,1.67390466,1.37390471,1.09554672,0.79554671,0.80835503,1.27690911,2.11974025,2.79921269,3.42581916,3.57148337,3.27148342,3.90116763,4.68167496,4.38167477,4.08167458,3.78167462,3.48167467,3.18167472,3.84297705,3.68994045,3.38994050,3.99173260,4.37731981,4.07731962,3.77731967,3.57350659,3.27350664,3.04723597,3.06505179,2.76505184,2.46505189,2.63121271,2.99277902,3.50427341,3.54173517,3.35601330,3.27091026,3.65886998,4.49677086,4.20456791,4.16261482,4.64420509,4.34420490,4.07347202,4.43144178,4.13144159,3.91471243,3.61471248,3.31471252,3.15182686,2.85182691,2.55182695,2.41023159,2.87287378,2.95869899,4.04648495,4.87038136,4.57038116,4.27038097,3.97038102,4.43499279,4.93435049,4.63435030,4.74711895,4.44711876,4.14711857,3.84711862,3.54711866,3.24711871,3.47601175,4.27170944,3.97170949,3.67170954,3.37170959,3.21828794,3.25457549,3.07885265,2.77885270,2.63695431,2.56551123,2.26551127,2.05130649,2.30656457,2.35779381,2.35134578,2.34761190,2.42760062,2.71094418,3.01674128,2.91753697,2.75642490,2.45642495,2.15642500,2.45804143,2.50174093,2.20174098,2.20949149,1.94435883,2.21022201,2.90392447,3.51390147,3.21390152,2.91390157,2.75356793,2.65008497,2.35008502,2.17849350,1.98113704,1.78552032,1.77434230,1.80070567,1.81048441,2.05023074,2.42450953,2.28729272,2.39890599,2.58755374,2.28755379,1.98755383,1.68755388,1.78217435,2.59296393,3.10521483,3.49537468,3.76041055,3.75493836,3.74143338,4.81896305,5.75225306,5.45225286,5.15225267,4.85225248,4.55225229,4.25225210,4.32670021,4.74873495,4.44873476,4.27451515,4.32008076,4.02008057,3.72008061,3.42008066,3.74883127,3.99067378,3.69067383,3.39067388,3.09067392,3.93195105,3.63195109,3.56241775,4.01089001,4.48268127,5.55404902,6.09667969,5.79667950,5.49667931,5.19667912,5.03922176
0.39650285,0.77659363,0.92118943,0.62118942,0.51406175,0.42680621,0.58716619,1.13801551,1.37390471,1.52987349,1.30948079,1.41077518,1.29740286,0.99740285,1.86613214,2.49921274,3.12581921,3.27148342,4.28981304,3.98981309,4.38167477,4.72712708,4.42712688,4.12712669,4.28100967,4.22918415,3.92918420,3.68659163,3.90816689,3.69173265,4.07731962,4.25155592,4.23893976,3.96786332,3.66786337,3.54537463,3.24537468,3.57302999,3.27303004,2.97303009,2.89879775,3.20427346,3.73091006,4.03407288,4.11822414,3.81822419,4.19677067,4.64441586,4.34441566,4.34420490,4.53564739,4.23564720,4.13144159,4.51713371,4.28072834,3.98072839,3.68072844,3.38072848,3.79950094,3.56462216,3.26462221,2.96462226,3.61004806,3.74648499,4.57038116,4.63408566,4.33408546,4.07918644,4.13499260,4.63435030,4.87333202,4.64062691,5.19606209,4.89606190,4.59606171,4.29606152,4.33352184,4.03352165,3.97170949,4.17917395,3.87917399,3.76650000,3.46650004,3.44067287,3.14067292,2.84067297,2.99679542,3.00914192,2.70914197,2.40914202,2.36834264,2.37633276,2.94484115,2.64484119,2.34484124,2.46673250,2.71674132,3.05036807,3.07580566,2.77580571,2.69987512,2.39987516,2.43363905,2.46420097,2.27114272,2.30247307,2.15724921,2.80193233,3.21390152,3.50677037,3.29843020,2.99843025,3.04378510,2.74378514,2.44378519,2.14378524,2.15317392,1.91599822,1.61599827,1.66464448,1.75023079,2.12450957,2.24611568,2.09890604,2.36148858,2.67385626,2.37385631,2.08260798,1.89535546,2.29296398,2.80521488,3.55839443,3.91285300,4.20918226,3.90918231,4.51896286,5.45225286,6.11211538,5.81211519,5.51211500,5.21211481,4.91211462,4.61211443,4.44873476,4.57514334,4.37100601,4.16962290,4.85661983,4.70084810,4.40084791,4.10084772,3.80084777,4.31222820,4.34580374,4.17211723,3.87211728,4.71437407,4.41437387,4.11437368,4.18268108,5.25404882,5.79667950,6.29364681,6.04530907,5.74530888,5.44530869
0.39483434,0.73034549,0.83047473,0.58447915,1.00190318,0.70190316,0.40190315,0.83801550,1.07390475,1.31582963,1.33382535,1.59287596,2.02435541,1.72435546,1.61082625,2.19921279,2.82581925,2.97148347,4.16200447,4.44452858,4.14452839,4.42712688,4.67601919,4.37601900,4.71840143,5.20100164,4.90100145,4.60100126,4.30100107,4.00100088,3.77731967,3.95155597,4.35266447,4.37509584,4.07509565,3.87303686,3.57303691,3.79815578,3.64700341,3.46001363,3.30260849,3.00260854,3.45972753,4.33841610,4.96391726,4.66391706,4.36391687,4.38277292,4.58229876,4.28229856,4.23564720,4.17770481,4.02998304,4.21713352,4.57715940,4.27715921,3.97715926,3.67715931,4.18029404,4.56324291,4.26324272,3.96324277,3.83436966,3.53436971,4.27038097,4.33408546,4.30643559,4.10578394,3.94606948,4.33435011,4.57333183,4.89431286,5.08641338,5.03588438,5.15512943,4.85512924,5.23455429,4.93455410,4.63455391,4.33455372,4.03455353,3.98484778,3.68484783,3.80160737,3.50160742,3.20160747,3.07253671,3.33302903,3.03302908,2.73302913,2.76206946,2.46206951,2.99406910,2.98880577,2.68880582,2.40176201,2.41674137,2.75036812,3.18634343,2.93558693,2.85034680,2.57711339,2.35886669,2.29805994,2.62584972,2.36849213,2.64151001,2.87404537,2.91390157,3.21937513,3.49725628,3.19725633,3.32210326,3.02210331,2.72210336,2.42210340,2.29474139,2.22791982,1.92791986,1.62791991,1.53309000,1.82450962,1.94611573,1.99083030,2.06148863,2.65381408,2.40220332,2.36107945,2.38678598,2.46651912,2.50521493,3.29216409,3.95594215,4.42339325,4.16219187,4.21896267,5.15225267,5.81863785,5.93068600,5.68603420,5.42063332,5.12063313,4.82063293,4.52063274,4.28188038,4.44128513,4.14128494,4.80884409,5.57029486,5.27029467,4.97029448,4.67029428,4.37029409,5.08699131,5.28627157,4.98627138,4.79357147,5.03523207,4.73523188,4.43523169,4.95404863,5.49667931,6.08021879,6.47380733,6.17380714,5.87380695
0.57934320,0.77817851,0.60405600,0.69213098,0.70190316,0.86453873,0.73840392,0.72280121,1.17280602,1.24811804,1.50854671,1.29287601,1.72435546,2.17226076,1.98579657,1.89921284,2.53368902,2.67148352,3.86200452,4.68716335,5.22121143,4.92121124,4.62121105,4.50398827,4.41840124,4.90100145,5.37439156,5.07439137,4.77439117,4.47439098,4.17439079,3.87439084,4.06736469,4.42706966,4.17626381,4.06708193,3.89065027,3.59065032,3.75607324,3.55320454,3.48835635,3.51663852,3.21663857,4.03841591,4.66391706,5.23534155,5.39872074,5.09872055,4.79872036,4.83357000,4.53356981,4.44209576,4.14209557,4.11356401,4.45161057,4.56950951,4.26950932,4.32801914,4.02801895,4.32727098,4.34596968,4.14941454,3.95256615,4.51113224,4.27947378,4.11641359,4.00643539,4.07914257,4.38286877,4.10699177,4.38488579,5.19236374,4.89236355,4.83068848,4.95091629,5.29706860,4.99706841,5.76406622,5.57668591,5.27668571,4.97668552,4.67668533,4.37668514,4.07668495,3.77668500,3.47668505,3.18440056,3.28685331,3.06706429,2.95752454,2.71509886,2.50505352,2.69406915,2.85181499,2.69101954,3.14463496,2.84463501,2.54463506,2.91562867,3.11042237,2.81042242,3.50922894,3.20922899,2.90922904,2.60922909,2.40680838,2.46023464,3.31881523,3.48728514,3.20160484,3.34317207,4.09438562,3.79438567,3.49438572,3.19438577,2.90062237,2.60062242,2.30062246,2.16574740,1.86574745,1.56574750,1.52450967,1.73857427,2.38082099,2.08082104,2.35381413,2.44967723,2.23120356,2.21342945,2.41404963,2.49750638,2.99216413,3.65594220,4.12339306,4.27491522,4.97244453,4.85225248,5.51863766,5.80243921,6.14711523,5.84711504,5.54711485,5.30975866,5.33971596,5.03971577,4.73971558,4.43971539,4.50884390,5.27029467,5.56023550,6.08826590,5.78826571,5.48826551,5.18826532,5.42164755,6.16748190,5.86748171,5.56748152,5.26748133,4.96748114,5.08325863,5.79433870,5.78021860,6.17380714,6.28329468,6.56277227
0.27934319,0.47817850,0.59810138,0.65175527,1.01576948,0.83286476,1.17314267,0.87314266,0.87280601,0.99838525,1.21240568,1.66323912,1.42457104,1.87226081,2.11797547,2.01084828,2.23368907,2.62829995,3.56200457,4.38716316,4.92121124,5.17000055,4.96335888,4.73814106,4.52479982,4.60100126,5.07439137,5.39372110,5.10475397,4.84773064,4.93192339,4.63192320,4.33192301,4.12706947,4.46510983,4.16510963,3.88296056,3.94771266,3.87005186,3.74942827,3.51810789,3.41248226,3.32807279,3.73841596,4.36391687,4.93534136,5.28478575,5.25961494,4.95961475,4.65961456,5.26916885,4.96916866,4.66916847,4.36916828,4.15161037,4.38421297,4.99216461,4.69216442,4.39216423,4.09216404,4.24516439,4.48636198,4.22431993,4.21113205,4.46008301,4.28040743,4.26515913,4.12271261,4.25758314,4.26837778,4.55299044,4.89236355,5.09557199,4.79557180,4.69990253,5.01217747,5.32672548,5.46406603,5.51998615,5.56449842,5.72991228,5.42991209,5.12991190,4.82991171,4.52991152,4.22991133,3.92991138,3.62991142,3.32991147,3.68649006,3.38649011,3.08649015,2.78649020,2.63470221,3.17723513,2.87723517,3.17794442,2.87794447,2.61562872,2.82284069,2.88656235,3.20922899,3.52305961,3.22305965,2.92305970,2.69136119,2.39136124,3.01881528,3.18728518,3.33471131,3.11689973,3.79438567,4.18245316,3.98122835,3.68122840,3.38122845,3.08122849,2.78122854,2.48122859,2.26270437,2.03916550,1.88419700,1.58419704,2.08082104,2.28609133,2.45438814,2.38082480,2.57529664,2.27529669,2.42846632,2.85834670,2.69216418,3.35594225,3.82339311,4.35108137,4.67244434,4.70731354,5.21863747,5.84143686,6.15988111,6.58748579,6.28748560,5.98748541,5.68748522,5.40467405,5.10467386,4.80467367,4.59246540,4.97029448,5.26023531,5.78826571,5.92497253,5.80281353,5.50281334,5.20281315,5.86748171,6.22602129,5.92602110,5.70929384,5.72885275,5.42885256,5.49433851,5.54793549,5.87380695,6.11484480,6.26277208
0.08709407,0.42638266,0.29810137,0.35175526,0.80226338,0.77926368,0.87314266,0.98985755,0.95921248,0.69838524,0.91240567,1.93525171,1.87328672,1.57328677,2.22049260,1.92049265,1.93368912,2.32830000,3.26200461,4.08716297,4.62121105,4.94385052,4.98546457,4.81599855,5.02774477,4.86049128,4.77439117,5.09372091,5.44328928,5.14328909,4.84328890,4.75516129,4.58073187,4.33739376,4.16510963,4.45796156,4.15796137,3.95821238,4.01692677,3.83547401,3.80754900,3.50754905,3.42300367,3.46451616,4.12705898,4.63534117,4.98478556,5.17426920,5.12230349,4.91150618,4.96916866,4.87873983,4.88997984,4.60714722,4.30714703,4.13814735,4.69216442,5.07970619,5.01633024,4.71633005,4.41632986,4.18636179,4.82804966,4.52804947,4.38194370,4.44352341,4.16280413,4.17226696,4.01955843,4.11633587,4.25299025,4.59236336,4.92140532,4.83297634,4.94124174,4.76165915,5.40576935,5.28030062,5.27120209,5.44220448,5.42991209,5.76369715,5.46369696,5.22860813,4.92860794,4.62860775,4.32860756,4.02860737,3.72860742,3.42860746,3.78171325,3.48171329,3.29407239,2.99407244,2.95934653,3.15930486,2.87794447,3.00364566,2.72655559,2.52284074,2.84844017,2.90922904,3.22305965,3.60512996,3.30513000,3.00513005,2.70513010,2.71881533,2.88728523,3.12319255,3.27116537,3.49438572,3.98078489,4.05920839,3.75920844,3.64490604,3.34490609,3.04490614,2.76370120,2.46370125,2.50987720,2.20987725,1.90987730,1.78082108,2.00594497,2.64173365,2.34173369,2.97066975,2.67066979,2.83410668,2.55834675,2.83217382,3.38443685,3.52339315,4.05108118,4.37244415,4.52577448,4.91863728,5.54143667,5.93130541,6.28748560,6.59042835,6.29042816,5.99042797,5.96564627,5.66564608,5.36564589,5.06564569,4.84353876,5.05590153,5.48826551,5.66572714,5.95834446,6.03680420,5.89004230,5.59004211,6.28110838,6.17520905,5.87520885,5.57520866,5.50719547,5.36491871,5.61837721,5.58101320,6.00787210,5.96277189
0.39455590,0.32948181,0.38197097,0.14200044,0.50226337,0.64076114,0.61716074,0.68985754,0.75241822,0.93368143,0.63368142,1.63525176,2.23373485,1.93373489,1.92049265,2.21587205,2.06486797,2.02830005,2.96200466,3.78716302,4.32121086,4.68575096,4.96779966,5.08159447,5.11604834,5.60001945,5.30001926,5.00001907,5.23518324,5.42050743,5.21925306,4.91925287,4.89172125,4.61626720,4.31626701,4.39319754,4.26577377,4.38630819,4.08630800,3.91370463,4.03875399,4.05270243,3.75270247,3.79367638,4.04332542,4.33534098,4.74564886,5.12093258,5.19454479,5.14794016,4.84793997,4.84053755,4.64744616,4.90263939,4.64619160,4.34619141,4.39216423,4.77970600,5.54168844,5.57747984,5.27747965,4.97747946,4.71391964,4.90256310,4.87680483,4.57680464,4.27680445,4.05337143,4.13202333,3.88076854,4.05030870,4.39953518,4.81079102,4.72976017,4.90944242,4.96678925,5.36023331,5.72547245,5.42547226,5.14220428,5.43767214,5.47666168,5.82970476,5.62627459,5.32627439,5.02627420,4.72627401,4.62091446,4.32091427,4.02091408,3.72091413,3.64972711,3.89135528,3.59135532,3.29135537,2.99758744,2.81689095,2.84006691,3.04296136,2.74296141,2.57170129,2.85396981,2.92305970,3.30513000,3.82170439,3.52170444,3.22170448,3.27633476,2.97633481,2.89883423,3.04899549,3.25512457,3.73543215,3.75920844,3.96441245,3.67056680,3.63461518,3.33461523,3.03461528,2.73461533,2.43461537,2.31038284,2.17215633,1.87215638,1.75716698,2.34173369,2.42736721,2.67066979,3.09098196,2.98176908,2.68176913,2.75774813,3.08443689,3.66767693,3.75108123,4.07244396,4.37162399,4.64406109,5.24143648,5.63130522,5.98748541,6.29042816,6.56781578,6.26781559,5.96781540,6.05137730,5.75137711,5.71472311,5.49277353,5.19277334,5.18826532,5.50856209,5.84187794,6.43139935,6.67681646,6.37681627,6.20522833,6.57131958,6.27131939,5.97131920,5.67131901,5.63151073,5.50134897,5.68412256,5.70787191,6.01805639
0.09455590,0.22595121,0.13661049,0.50189316,0.20226337,0.49181142,0.62280583,0.50768071,0.77038032,0.68247777,0.81415343,1.33525181,1.93373489,2.09003496,1.79003501,2.03585267,2.20857453,2.07989645,2.66200471,3.48716307,4.02121067,4.38575077,4.66779947,5.13200283,4.94388866,5.30001926,5.53567982,5.23567963,4.93567944,5.28180885,5.53461218,5.27254009,4.97253990,4.67253971,4.71102190,4.41102171,4.41194725,4.11194706,4.23609924,3.93609929,3.79849672,4.00561523,3.91880226,3.61880231,3.74332547,4.03534079,4.44564867,4.82093239,5.12289190,5.03608418,5.10768795,4.83096647,4.66365099,4.60263920,4.67470837,4.82229805,4.52229786,4.47970581,5.24168825,5.41252851,5.56198502,5.33792543,5.03792524,4.73792505,4.69063282,5.32061291,5.02061272,4.88060999,4.58060980,4.28060961,3.98060966,4.09953499,4.51079082,4.68375254,4.72063541,4.90320349,5.06023312,5.42547226,5.51697063,5.57791471,5.27791452,5.32736444,5.52970457,5.73944664,5.59597301,5.80208826,5.50208807,5.20208788,4.90208769,4.60208750,4.30208731,4.00208712,3.70208716,3.84252048,3.74715400,3.44715405,3.14715409,2.87877655,2.74296141,2.96033573,2.66033578,2.55396986,2.72900701,3.00513005,3.52170444,3.72820210,3.42820215,3.12820220,3.18838120,2.89957857,2.74899554,2.95512462,3.43543220,3.92563486,3.74059820,3.79254460,3.49254465,3.50781894,3.33708096,3.03708100,2.77390838,2.48358297,2.43506098,2.20893955,2.21142673,2.04173374,2.44304633,2.50286961,2.79098201,2.92846751,2.89043903,2.59043908,2.78443694,3.36767697,3.79447865,3.77244401,4.07162380,4.34406090,4.94143629,5.33130503,5.68748522,6.02885723,6.26781559,6.53561020,6.23561001,5.93560982,6.05001879,5.75001860,5.61346960,5.47195911,5.17195892,5.20856190,5.54187775,6.13139915,6.37681627,6.50067520,6.22282743,6.27131939,6.36753130,6.33198786,6.03198767,5.73198748,5.53572655,5.38412237,5.90590668,5.71805620
0.00000000,0.04128014,0.14980373,0.20189317,0.50283849,0.24903715,0.64650011,0.88124502,0.58124501,0.71885580,0.67116356,1.03525186,1.63373494,1.79003501,2.01958442,1.77352774,1.92662060,2.22674966,2.36200476,3.18716311,3.72121072,4.19572878,4.50871658,4.83200264,5.08726311,5.00001907,5.31332922,5.58807802,5.29007149,5.05044317,5.28401947,5.65791082,5.35791063,5.05791044,4.75791025,4.91749668,4.61749649,4.31749630,4.15106344,4.19343901,3.89343905,3.70561528,3.94448519,3.88479686,3.58479691,3.89025640,4.14564848,4.52093220,4.88261223,5.08925486,5.08938122,5.11242342,4.89186001,4.59185982,4.47562361,4.93940449,5.00978041,4.70978022,4.94168806,5.11252832,5.46151733,5.62310696,5.32310677,5.02310658,4.72310638,5.02061272,5.30517769,5.00517750,5.01125336,4.71125317,4.41125298,4.11125278,4.21079063,4.56536531,4.57615995,4.60320330,4.76620388,5.12547207,5.47606421,5.54087830,5.65382528,5.35382509,5.28046751,5.43944645,6.07363796,5.77363777,5.85338402,5.55338383,5.25338364,4.99689865,4.69689846,4.39689827,4.09689808,3.79689813,3.93477559,3.76938629,3.46938634,3.16938639,2.86938643,2.71905851,2.77694678,2.69629502,2.63132834,2.99624157,3.22170448,3.61736989,3.80875254,3.50875258,3.20875263,3.18138671,2.88138676,2.97824860,3.13543224,3.62563491,3.89902282,3.75414777,3.73808980,3.43808985,3.67633843,3.46456289,3.16456294,2.86456299,2.56456304,2.42152071,2.32260299,2.25426364,2.14304638,2.44432974,2.49098206,2.68417597,2.87730479,2.88990498,2.58990502,3.06767702,3.49447870,3.83672333,3.77162385,4.06435394,4.64143610,5.03390884,5.49570704,5.73115158,6.08929396,6.23561001,6.59931278,6.33429575,6.03429556,5.94946337,5.64946318,5.55337334,5.45987988,5.17441320,5.24187756,5.83139896,6.07681608,6.41793823,6.35648584,6.14459610,6.46974802,6.52361965,6.46843100,6.16843081,5.87840843,5.57840824,5.60590649,5.85758400
0.00000000,0.00000000,0.03643868,0.26055741,0.20283850,0.56310165,0.35725063,0.72350168,0.97459286,1.03086293,0.94040453,0.73525184,1.33373499,1.88265622,1.76214683,2.30374050,2.00374055,1.92674971,2.07501888,2.88716316,3.42121077,3.89572883,4.25801611,4.53200245,4.78726292,5.02386570,5.57743216,5.39292717,5.52541637,5.26656055,5.16949368,5.35791063,5.82329941,5.52329922,5.22329903,4.92329884,5.03916264,4.73916245,4.43916225,4.24820948,4.11906672,3.93226385,3.67322373,3.67174363,3.73256421,3.59025645,4.09971476,4.22093201,4.58261204,5.03258753,5.25101376,5.54285765,5.24285746,5.13566589,5.04452515,4.74452496,4.81159019,5.02982140,4.72982121,4.93423986,5.16151714,5.42644787,5.45161247,5.56446791,5.26446772,4.96446753,5.06352091,5.24887943,5.18306112,5.32042456,5.02042437,4.72042418,4.42042398,4.51641083,4.41249752,4.60466146,4.46620369,4.98387671,5.34747648,5.46768570,5.69144058,5.60111380,5.53104162,5.23104143,5.77363777,5.93630314,5.68199205,5.80874729,5.59342432,5.29342413,5.10674095,4.80674076,4.50674057,4.20674038,3.90674043,4.14018536,4.26610661,3.96610665,3.66610670,3.36610675,3.06610680,3.08806372,2.97557831,2.69624162,3.04126954,3.31736994,3.66932392,3.86227083,3.64718843,3.34718847,3.22412777,3.05035496,3.05569291,3.32563496,3.80812454,3.96405101,3.94241214,3.95443559,3.65443563,3.70063376,3.40063381,3.12772942,3.13724041,3.13414526,2.83414531,2.53414536,2.37313628,2.14432979,2.40678549,2.38417602,2.66712451,2.84978914,2.67458320,2.76767707,3.19447875,3.71916771,4.09496069,3.79496074,4.34143591,4.73390865,5.19570684,5.56796169,5.78929377,6.27888632,6.29931259,6.68194485,6.46223783,6.16223764,5.86223745,5.72911644,5.78028536,5.64295864,5.34295845,5.53139877,5.77681589,6.27724934,6.28428984,6.37336493,6.20354843,6.66877842,6.89571238,6.70910454,6.40910435,6.10910416,5.80910397,5.87753487
0.47370315,0.34607139,0.04607139,0.00000000,0.00000000,0.26310164,0.57289171,0.91389614,1.09974885,1.15194106,1.41423154,1.11423159,1.03373504,1.58265626,2.05140185,2.03876257,2.66999698,2.36999702,2.06999707,2.58716321,3.72023249,3.65949774,4.07205248,4.23200226,4.48726273,4.72386551,5.32460928,5.60367060,5.30367041,5.77522612,5.47522593,5.26651669,5.52329922,5.93128157,5.63128138,5.33128119,5.20354176,4.90354156,4.77683973,4.47683954,4.22791290,4.32396269,4.06846809,3.76846814,3.51952529,3.89802742,4.33427763,4.30782986,4.50880003,4.95433235,4.95101357,5.58776951,5.68151522,5.44996405,5.29502296,5.05362749,4.75362730,5.14563036,4.84563017,4.63423967,4.86151695,5.12644768,5.20406723,6.22633982,6.18520832,5.88520813,5.58520794,5.28520775,5.52800369,5.40653801,5.41054344,5.62427044,5.32427025,5.02427006,4.72426987,4.42426968,4.44314146,4.93918037,5.71132898,5.41132879,5.65684891,5.71554804,5.65173864,5.42500877,5.47363758,5.70852280,5.79754925,5.77208328,5.56491375,5.45156336,5.22447252,4.92447233,4.62447214,4.33336258,4.03336239,4.30267668,4.16511631,4.37028074,4.14525414,3.84525418,3.54525423,3.73795748,3.43795753,3.13795757,2.83795762,3.01736999,3.36932397,4.12307978,4.55060291,4.25060272,3.95060277,3.82489872,3.52489877,3.22489882,3.50812459,4.08130598,3.88345933,3.95654941,3.93275666,3.63275671,3.60294390,3.36408901,3.09601569,3.50925088,3.20925093,2.90925097,2.60925102,2.30925107,2.10678554,2.25097990,2.38043523,2.54978919,2.80021954,2.50021958,2.89447880,3.99734020,4.37375927,4.07375908,4.04143572,4.59304476,4.89570665,5.26796150,5.90025425,6.38608217,6.25273085,6.67180347,6.74977255,6.44977236,6.14977217,5.84977198,6.57968140,6.55993366,6.25993347,5.95993328,5.65993309,6.64904070,6.34904051,6.25801897,6.21805763,6.36877823,7.40826988,7.71752262,7.41752243,7.11752224,6.81752205,6.51752186
0.29538578,0.67811078,0.37811077,0.07811077,0.00000000,0.02077988,0.51374668,1.06176376,1.41720390,1.25247765,1.33544064,1.22345376,0.97012091,1.28265631,1.75140190,2.21797299,2.36999702,2.54341149,2.24341154,2.46736288,3.42023253,3.76817417,3.77205253,3.93200231,4.18726254,4.42386532,5.10027790,5.33745480,5.47798347,5.53330755,5.67936563,5.62032843,5.45095825,5.63128138,5.93594885,5.63594866,5.58545732,5.28545713,4.98545694,4.68545675,4.38545656,4.22516870,4.44428110,4.14428091,3.84428096,3.78666544,4.50822449,4.39860201,4.62806654,4.77001524,4.87427378,5.28776932,5.70092201,5.71723032,5.48434639,5.55315399,5.25315380,4.97981787,4.75656843,4.56467485,4.56151676,4.82644749,4.90406704,5.92633963,6.65082741,6.35082722,6.05082703,5.75082684,5.59558105,5.75005341,5.47350025,5.82810307,5.52810287,5.22810268,4.97128677,4.76759005,4.46758986,4.64213610,5.49390697,5.65208054,5.44195890,5.69447279,5.57334089,5.47003937,5.67063332,5.61127710,5.51381636,5.70166779,5.80862713,5.50862694,5.24733019,5.11844397,4.81844378,4.53770685,4.23770666,4.44725037,4.62514925,4.32514906,4.33874130,4.26223946,3.96223950,4.06947088,3.84040570,3.54040575,3.26357031,2.96357036,3.06932402,3.82307982,4.73357487,4.93521404,4.63521385,4.43759012,4.13758993,3.83758998,3.53759003,3.78130603,3.87551832,3.71085858,4.06614733,3.98188400,3.68188405,3.74710417,3.44710422,3.63030195,3.44272280,3.14272285,2.84272289,2.54272294,2.24272299,1.95097995,2.38725376,2.24978924,2.50021958,2.41647768,2.59447885,3.71558809,4.54146147,4.24146128,4.12801409,4.33123970,4.72734165,4.96796131,5.60025406,6.54278708,6.66132784,6.45812702,6.70933151,6.40933132,6.10933113,6.33780432,6.60855246,7.19444180,6.89444160,6.59444141,6.29444122,6.45883894,6.26893377,6.14464092,6.22516012,6.56680965,7.11851931,8.04166794,7.74166775,7.44166756,7.14166737,7.12413168
0.22162212,0.45548755,0.64054000,0.57331562,0.27331561,0.29592881,0.21374668,0.79101306,1.11720395,1.30041349,1.36444092,1.36283278,1.24201870,0.98265630,1.45140195,2.02179265,2.58052468,2.53728318,2.55848336,2.49854183,3.12023258,3.73386526,3.92038250,4.18626833,3.88726258,4.12386513,4.80027771,5.35848713,5.23243904,5.53902102,5.61801004,6.00791550,5.80334711,5.61201191,5.63594866,6.34658289,6.04658270,5.74658251,5.44658232,5.14658213,4.88390160,4.75770712,4.45770693,4.62681389,4.32681370,4.02681351,4.20822430,4.50646353,4.42183256,4.62000418,4.83180666,4.98776913,5.40092182,5.63984299,5.78391838,5.48391819,5.59254217,5.29254198,4.99254179,4.79855013,4.77834702,4.52777338,4.85269213,5.62633944,6.35082722,6.62046242,6.32722044,6.02722025,5.86967421,5.65449953,5.90964508,5.60964489,5.94408369,5.69944859,5.39944839,5.09944820,4.79944801,4.51227570,5.19390678,5.47047663,5.70431328,5.63101339,5.67803049,5.65433311,5.40931225,5.60045099,5.69168568,5.77053928,5.78221464,5.85772419,5.55772400,5.42094374,5.14898539,4.84898520,4.54898500,4.43663788,4.53934669,4.56762934,4.43320417,4.52855921,4.46261406,4.16261387,4.13139486,3.83139491,3.53139496,3.23696375,2.93696380,3.52307987,4.43357468,4.70414925,5.03059673,4.73059654,4.75187063,4.45187044,4.15187025,3.85187030,3.76383686,3.86926532,3.76614738,4.07643557,4.04386234,3.79257131,3.75709057,3.45709062,3.63417649,3.34598446,3.18005991,2.92107654,2.62107658,2.32107663,2.08725381,2.44783187,2.28052735,2.41755748,2.55428243,3.41558814,4.24146128,4.57918835,4.30326939,4.16360569,4.42734146,4.66796112,5.62014437,6.24278688,6.36132765,6.79287195,6.98477507,6.78830671,6.62312412,6.32312393,6.30855227,6.89444160,7.37510920,7.07510900,6.77510881,6.47510862,6.49485159,6.70702648,6.40702629,6.26680946,6.81851912,7.74166775,8.04327011,7.96242046,7.66242027,7.47247410
0.33104873,0.36345500,0.50357395,0.30711553,0.98164117,0.68164116,0.38164115,0.49101305,0.81720394,1.00041354,1.06444097,1.56963146,1.63212371,1.33212376,1.26717281,1.72179270,2.28052473,2.43429780,3.21432638,2.91432643,2.82023263,3.43386531,3.83781385,3.98930836,4.58916140,4.48624849,4.50027752,5.05848694,5.53053236,5.23902082,5.46916914,5.70791531,5.86520958,5.64622736,5.35119152,6.04658270,6.09259033,6.37536430,6.07536411,5.77536392,5.47536373,5.17536354,4.87536335,4.97396183,5.24309444,4.94309425,4.64309406,4.34309387,4.52772951,4.32000399,4.69982910,4.68776894,5.10092163,5.33984280,5.62680054,5.61316586,5.40497494,5.37424469,5.80197811,5.50197792,5.20197773,4.90197754,5.16345644,5.32633924,6.05082703,6.32046223,6.37648964,6.20195723,5.90195704,5.60195684,5.60964489,5.79924393,5.67349243,5.90338421,5.70361805,5.50524855,5.75185394,5.45185375,5.15185356,5.17047644,5.40431309,5.86431360,5.56431341,5.78485775,5.48485756,5.30045080,5.99128342,5.84026384,5.54026365,5.75469875,5.83674479,5.53674459,5.74829721,5.44829702,5.14829683,4.84829664,4.54829645,4.40619373,4.53637552,4.23637533,4.43351269,4.22635412,4.03269053,4.02183390,3.93366861,3.63366866,3.48804402,3.34938025,4.13357449,4.40414906,4.73059654,4.86154461,5.07121468,4.77121449,4.47121429,4.17121410,3.87121415,3.79015636,3.84192848,3.77643561,3.95055270,3.78374958,3.69431901,3.56698585,3.33417654,3.85789323,3.55789328,3.25789332,3.13088584,2.91364193,2.61364198,2.51414251,2.57384086,2.65546989,2.36735606,3.11558819,3.94146132,4.55936575,4.41555405,4.23308086,4.18822765,4.36796093,5.32014418,5.94278669,6.07553291,6.49287176,6.68477488,7.35307932,7.26132345,6.96132326,6.66132307,6.59444141,7.07510900,7.99672699,7.69672680,7.39672661,7.09672642,6.79672623,6.63537598,6.33537579,6.51851892,7.44166756,8.08658409,8.10275459,7.94055080,7.64055061
0.03104873,0.06345500,0.27796933,0.50832736,0.68164116,0.88445544,1.00501478,0.70501477,0.51720393,0.74223566,0.76444095,1.26963151,1.70049560,1.59853864,1.30072737,1.42179275,1.98052478,2.47942924,2.91432643,3.18075752,2.88075757,3.13386536,3.53781390,3.91538882,4.28916121,4.56482887,4.51498508,4.75848675,5.52163935,5.37640572,5.16916895,5.53121042,5.59379482,5.73995876,5.78843498,5.74658251,6.13478374,6.10311985,6.30191612,6.06874466,5.80463743,5.50463724,5.20463705,5.00862169,4.97837353,5.31358528,5.01358509,4.71358490,4.41358471,4.14825392,4.69587278,4.62870121,4.80092144,5.03984261,5.32680035,5.52472448,5.38685656,5.15636110,5.50197792,5.83254576,5.63150167,5.51640034,5.21640015,5.02633905,5.75082684,6.09997463,6.67152405,6.39234304,6.18750238,5.88750219,5.63625193,5.49924374,5.75203323,5.84400749,5.82815409,5.74941492,5.50338650,5.48209572,5.18209553,5.01004028,5.10431290,5.56431341,5.53890085,5.48485756,5.98580837,5.68580818,5.69128323,5.89452028,5.86927176,5.56927156,5.53674459,5.96576357,5.73089409,5.82981586,5.52981567,5.22981548,5.03066921,4.73066902,4.43066883,4.51994133,4.21994114,4.22113800,4.59121370,4.29121351,4.13490772,4.44280148,4.14280128,3.84280133,3.83357453,4.19224977,4.54763937,4.56154442,5.02483892,5.30751801,5.00751781,4.70751762,4.40751743,4.10751724,3.92207360,4.19931173,3.89931178,3.92118526,4.12059212,3.82059216,3.52059221,3.55789328,3.70443678,3.49311686,3.31317925,3.20519066,2.97680330,2.69958258,2.41495204,2.59937215,2.78433275,2.81558824,3.64146137,4.25936556,4.36857891,4.45251656,4.33896875,4.23940563,5.02014399,5.64278650,6.24880266,6.19287157,6.56976128,7.05307913,7.27880859,7.27501249,6.97501230,6.67501211,6.77510881,7.69672680,7.89418888,7.59418869,7.38026142,7.11161041,6.96699190,6.75130653,6.45130634,7.14166737,7.78658390,7.88597727,7.94629288,7.66459179
0.00000000,0.00000000,0.00000000,0.20832737,0.38164115,0.58445543,0.93371332,0.94675171,1.04274344,0.74274343,0.58035207,0.96963149,1.40049565,1.59772658,1.34150851,1.29430091,1.68052483,2.17942929,2.61432648,2.89606953,3.14621043,2.84621048,3.23781395,3.61538887,3.98916125,4.26482868,4.48834610,4.55662823,5.22163916,5.38176584,5.42050552,5.24021864,5.29379463,5.43995857,5.76832247,5.56904984,5.83478355,5.91056395,6.01432657,6.39518929,6.09518909,5.79518890,5.58518410,5.28518391,4.98518372,5.01358509,5.32665873,5.02665854,4.75638580,4.45638561,4.39587259,4.63659430,4.62707472,4.73984241,5.07368898,5.37048769,5.56369638,5.26369619,5.20197773,5.53254557,5.77793455,5.65454960,5.35454941,5.08561325,5.45082664,5.91735840,6.37152386,6.66055632,6.38126564,6.13803434,5.88246632,5.58246613,5.45203304,5.56203175,5.52815390,5.73335028,5.43335009,5.24051285,5.54558420,5.24558401,4.94558382,5.26431322,5.61331749,5.41393661,5.68580818,6.28832579,5.98832560,5.68832541,5.98489618,5.93126392,5.63126373,5.66576338,5.71105814,5.52981567,5.70028830,5.40591145,5.22917938,5.01373005,4.71372986,4.41372967,4.37580156,4.19815588,4.29121351,4.50573206,4.48142195,4.18142176,4.46373320,4.16373301,3.86373305,3.89224982,4.24763918,4.58941889,4.72483873,5.36053133,5.30654478,5.00654459,4.70654440,4.40654421,4.65922546,4.35922527,4.46585369,4.16585350,4.09759760,4.19012165,3.89012170,3.61322451,3.76045012,3.63765955,3.33765960,3.08219767,3.28342772,2.98342776,2.68342781,2.38342786,2.53339267,2.75697064,3.34146142,3.95936561,4.29965162,4.41511822,4.50044584,4.51793098,4.72014380,5.34278631,5.94880247,6.19504642,6.26976109,6.75307894,6.97880840,7.28310633,7.25241232,6.96241999,6.66241980,7.39672661,7.59418869,7.95313740,7.65313721,7.35313702,7.11784887,7.20568800,6.90568781,6.84166718,7.48658371,7.65673828,7.77025223,7.78843832
0.01508746,0.03997957,0.00000000,0.00000000,0.21430615,0.28445542,0.63371330,0.98664612,1.01812077,0.82814366,0.59543765,0.87874800,1.10049570,1.51941741,1.59071743,1.29071748,1.38052487,1.87942934,2.31432652,2.68872190,2.84621048,3.21262884,2.93781400,3.31538892,3.78239202,4.01037741,4.31996393,4.38005543,4.92163897,5.15248919,5.23222589,5.42003584,5.12003565,5.31083965,5.46832228,5.88677883,5.58677864,5.95664978,5.87700462,6.09518909,6.17843294,5.89840126,5.61688662,5.60447121,5.36606216,5.09237909,5.02665854,5.01517487,5.10798931,4.80798912,4.50798893,4.33659410,4.64460611,4.52528763,4.92558050,5.46381092,5.39366007,5.57516241,5.37604237,5.24148989,5.47793436,5.70419693,5.73691463,5.43691444,5.15082645,5.64979219,6.07152367,6.44578218,6.56216240,6.28831625,6.08630800,5.78630781,5.54755974,5.56446171,5.54693031,5.43335009,5.78485918,5.48485899,5.24558401,5.62348938,5.32348919,5.06297636,5.31331730,5.45599031,5.60472250,5.98832560,6.37661409,6.07661390,5.77661371,6.00863743,5.79812336,5.70312881,5.58806896,5.66420841,5.66867638,5.61039782,5.31039762,5.23912382,4.93912363,4.88343239,4.58343220,4.28343201,4.05515242,4.39201784,4.32277298,4.43193913,4.21100855,4.46045732,4.16045713,3.86045718,3.94763923,4.28941870,4.74526215,5.06053114,5.21950006,5.45639896,5.15639877,4.85639858,4.55639839,4.62368774,4.37518501,4.41378784,4.11378765,4.03731251,4.12557650,3.96468329,3.66468334,3.95552206,3.65552211,3.45815563,3.15815568,3.44586921,3.14586926,2.84586930,2.61541438,2.47724032,3.04146147,3.65936565,3.99965167,4.28796625,4.43893671,4.61948538,4.52025461,5.04278612,5.64880228,5.89963579,6.30627823,6.45307875,6.74294043,7.09747267,7.21204758,7.18044806,6.88044786,7.09672642,7.40481615,7.65313721,8.00596523,7.70596504,7.41927958,7.12656784,7.14419556,6.85872650,7.18658352,7.66807413,8.10761356,7.80761337
0.28083497,0.38923609,0.14385554,0.00000000,0.14448802,0.23537852,0.33371329,0.89932299,0.88662058,1.03692961,1.14698958,0.84698957,1.02778137,1.23985636,1.76296628,1.69258547,1.42183244,1.57942939,2.10659933,2.40416789,3.00102019,3.18624759,3.32972550,3.02972555,3.51418447,3.98803520,4.11389780,4.63498259,4.62163877,4.99972391,5.10569525,5.40704060,5.53170300,5.57750225,5.27750206,5.88229465,6.31615353,6.01615334,6.13543940,6.08027840,6.33497238,6.37305498,6.07305479,5.77441311,5.83675766,5.53675747,5.23675728,5.14528322,5.01948071,5.38995886,5.08995867,4.78995848,4.58255339,4.97083235,4.72838640,5.16381073,5.32533312,5.33367348,5.78864098,5.56608438,5.26608419,5.40419674,5.87847996,6.01154613,5.73031044,5.43031025,5.77152348,6.14578199,6.40773821,6.82449770,6.52449751,6.22449732,6.07620430,5.77620411,5.50780821,5.46291018,5.62808132,6.16016912,5.86016893,5.56016874,5.59241009,5.40081739,5.10081720,5.38551474,5.30472231,5.68832541,6.07661390,6.47681236,6.17681217,5.87681198,6.28691435,5.98691416,5.90289116,5.60289097,5.51313972,5.86354113,5.65088797,5.62651634,5.47969580,5.19247818,5.32296371,5.02296352,4.72296333,4.42296314,4.32129431,4.34038258,4.60287237,4.52083397,4.58795452,4.28795433,4.02249718,3.98941875,4.44526196,4.76053095,5.19268656,5.51046324,5.66808605,5.41647482,5.11647463,4.81647444,4.51647425,4.25539923,4.39167404,4.09167385,3.90508962,3.95425081,3.90830374,3.65552211,3.95043540,3.79057574,3.49057579,3.42976928,3.53580141,3.24238706,2.94238710,2.78454351,2.89636707,3.35936570,3.69965172,3.98796630,4.21335793,4.31948519,5.02308846,4.74278593,5.34880209,5.70901108,6.39530897,6.37268496,6.74316025,6.90590382,7.31286669,7.42317677,7.27084064,7.08308887,7.32928324,7.48606014,7.87494135,8.34243107,8.04243088,7.74243069,7.44243050,7.27650166,6.99761677,7.76319885,7.88304329,8.66952610
0.00000000,0.35660017,0.60611594,0.30611593,0.00611593,0.23605953,0.27413940,0.59932297,0.93695337,1.17443442,1.41025162,1.12606299,1.02876687,1.26136935,1.46296632,1.66365969,1.57614434,1.32049286,1.80659938,2.10416794,2.70102024,3.00515676,3.36281061,3.26030898,3.21418452,3.68803525,4.12912893,4.63345194,4.63875103,4.69972372,5.01485825,5.10704041,5.55070591,6.22303867,5.92303848,5.62303829,6.01615334,6.60514736,6.30514717,6.58076477,6.28076458,6.31921864,6.31339884,6.01339865,5.82196569,5.59817410,5.58356857,5.35778379,5.07609463,5.80759382,5.50759363,5.35534334,5.59297895,5.43646955,5.23621559,4.93621540,5.22408438,5.33660316,5.48864079,5.86949635,5.68912077,5.38912058,5.57847977,5.99697924,6.04215765,5.74215746,5.47573709,5.84578180,6.19916964,6.99601221,7.00337362,6.70337343,6.84293795,6.54293776,6.24293756,5.94293737,5.64293718,5.95948601,6.35414124,6.14752245,5.84752226,5.54752207,5.53476334,5.23476315,5.30972672,5.38832521,5.77661371,6.17681217,6.77357912,6.47357893,6.54379225,6.45526552,6.15526533,5.91466713,5.61466694,5.69790888,6.13593102,6.02694273,6.03068352,5.86795139,5.87481785,5.57481766,5.27481747,4.97481728,4.67481709,4.37481689,4.38390636,4.62655401,4.57629776,4.45466137,4.35667276,4.07375050,4.14526176,4.46053076,5.00233078,5.83296967,5.93750286,5.95597267,5.65597248,5.35597229,5.05597210,4.75597191,4.45597172,4.39485312,4.13341808,3.86611390,4.27482557,3.97482562,3.71382499,3.91378474,3.61378479,3.78488731,3.48488736,3.63861752,3.33861756,3.03861761,3.12301040,3.05936575,3.39965177,3.68796635,3.99473381,4.18207836,4.72308826,5.17113209,5.04880190,5.40901089,6.09530878,6.50892735,6.48876858,7.02073669,7.01286650,7.23166513,7.34005213,7.24605179,7.12952042,7.28226042,7.57494116,8.04243088,8.55117702,8.25117683,7.95117664,7.65117645,7.35117626,7.52596855,8.10153198,8.36952591
0.00000000,0.05660016,0.30611593,0.80591673,0.60211349,0.32343552,0.53460860,0.30135775,0.63695335,0.87443441,1.23072934,1.34346962,1.04346967,0.96136934,1.16296637,1.60374975,1.50405252,1.97200906,1.67200911,1.80416799,2.40102029,2.70515680,3.06281066,3.68379068,3.38379073,3.38803530,3.82912898,4.35285091,4.87805510,4.66047907,4.99170446,5.27560854,5.25070572,5.92303848,6.71620512,6.41620493,6.11620474,6.30514717,6.75111580,6.46464443,6.83622026,6.53622007,6.23621988,6.41649294,6.11649275,5.81649256,5.51649237,5.35118198,5.05118179,5.50759363,6.10960007,5.80959988,5.50959969,5.50025892,5.20025873,5.19133139,5.31103134,5.03660297,5.18864059,5.56949615,6.07583427,6.16987038,5.86987019,5.69697905,5.74215746,5.94537783,6.38639879,6.08639860,6.04607439,6.69601202,7.21557283,7.00515842,6.70515823,6.74025917,6.44025898,6.17203474,5.87203455,5.65948582,6.05414104,6.29640007,6.34106541,6.04106522,5.74106503,5.47278547,5.41680574,5.28308058,5.47661352,5.87681198,6.47357893,7.09469700,6.79469681,6.49469662,6.36402988,6.08928490,6.16062164,5.86062145,5.85352564,6.04965401,5.82429743,5.93289042,5.81341553,5.79319715,5.78509808,5.48509789,5.18509769,4.92781258,4.62781239,4.32781219,4.35877943,4.35140944,4.28275013,4.24425697,3.94862986,4.22850275,4.70233059,5.53296947,5.74749088,5.66757154,5.72322607,5.98366356,5.68366337,5.38366318,5.13493252,4.83493233,4.53493214,4.30534601,4.00534582,4.32832623,4.02832603,3.76724458,4.27328157,3.97328162,3.80085421,3.50085425,3.76850939,3.46850944,3.16850948,2.89815283,3.25932765,3.60569644,4.08598661,3.88207841,4.42308807,4.87113190,5.29856777,5.10901070,5.79530859,6.35776424,6.36677599,6.72073650,6.78881311,6.93166494,7.06947851,7.33530283,7.03530264,6.98226023,7.27494097,7.74243069,8.26758385,8.80179596,8.50179577,8.20179558,7.90179539,7.60179520,7.80153179,8.06952572
0.44919071,0.25984621,0.00611593,0.50591671,0.41403532,0.54342830,0.33625269,0.99764955,0.70123154,0.76231986,1.03993428,1.04346967,1.21308756,1.02841735,1.04338753,1.30374980,1.89210129,1.67200911,1.90468705,2.07155728,2.55741310,2.58713293,2.89316988,3.38379073,3.46266007,3.27421331,3.65940976,4.05285072,4.57805490,5.15401888,4.85401869,4.98221588,5.40581131,5.62303829,6.41620493,6.76313972,6.57687759,6.27687740,6.45111561,6.59700584,6.53622007,6.91928291,6.66692400,6.36692381,6.28788519,6.38903427,6.43455696,6.13455677,5.83455658,5.53455639,5.80959988,6.42776489,6.12776470,5.82776451,5.61946821,5.37283325,5.07283306,5.65363741,5.35363722,5.26949596,5.77583408,5.92364311,5.98528862,6.54919672,6.24994802,5.94994783,6.08639860,6.10809708,6.22101688,6.39601183,6.91557264,7.67426205,7.37426186,7.07426167,6.77426147,6.47426128,6.17426109,6.30124283,6.32962894,6.02962875,6.39249516,6.39778042,6.09778023,5.79778004,5.49777985,5.42686081,5.17661333,5.57681179,6.17357874,6.79469681,6.97746468,6.67746449,6.37746429,6.21224117,5.91224098,6.50224972,6.20224953,5.90690231,6.21248150,5.91248131,5.69939804,6.35698843,6.05698824,5.78582573,5.60559320,5.30559301,5.00559282,5.06479597,4.99616814,4.69616795,4.54555559,4.79207802,4.49207783,4.19207764,4.40233040,5.23296928,5.44749069,5.74785423,5.72657728,5.68366337,5.82106018,5.68767548,5.38767529,5.48336411,5.18336391,4.88336372,4.58336353,4.28336334,4.18577623,3.88577628,3.97328162,4.10160542,3.87454963,3.58946538,3.46850944,4.57698822,4.27698803,3.97698808,3.67698812,3.45653892,3.78598666,4.01532078,4.12308788,4.97568321,4.99856758,5.61719513,5.49530840,6.05776405,6.07501030,6.42073631,7.51558924,7.52162075,7.22162056,7.03530264,7.40707922,7.88444757,7.58444738,7.44243050,7.96758366,8.50179577,9.53136539,9.23136520,8.93136501,8.63136482,8.33136463,8.20721912
0.14919071,0.44299138,0.83967549,0.53967547,0.78984433,0.48984432,0.48182160,0.69764954,0.72767210,0.76209992,0.73993427,1.25978923,1.46998000,1.36778665,1.47454011,1.17454016,1.59210134,1.83843136,2.22383475,1.92383480,2.25741315,2.49832606,2.82334661,3.08379078,4.05800343,4.08100414,3.78100419,3.75285077,4.36202908,4.85401869,4.99938107,4.69938087,5.10581112,5.79898167,6.11620474,6.65537596,6.59458256,7.25155067,6.95155048,6.66493034,6.68761206,6.61928272,6.89538240,7.03718328,6.93725872,6.63725853,6.33725834,6.54452181,6.24452162,6.00763321,5.70763302,6.12776470,6.60979557,6.56401443,6.26401424,5.96401405,5.66401386,5.36401367,6.30598497,6.00598478,5.70598459,5.87548399,6.54250097,6.24919653,6.53087139,6.23087120,5.93087101,6.03827810,5.92101669,6.25233316,6.61557245,7.37426186,8.22812271,7.92812252,7.62812233,7.32812214,7.02812195,6.72812176,6.42812157,6.30211115,6.09249496,6.33726597,6.46985626,6.17846346,5.87846327,5.57846308,5.78333426,5.48333406,5.87357855,6.49469662,7.16707706,7.20541573,7.21369171,6.91369152,6.61369133,6.31369114,6.33741474,6.38978529,6.30447674,6.40318060,6.30005074,6.05698824,6.41378164,6.21009493,5.91009474,5.88845062,5.67141914,5.37141895,5.07141876,4.97487307,4.91113901,4.61113882,4.95938921,4.65938902,4.45392179,4.93296909,5.83890629,5.94625282,5.64625263,5.83789778,5.53789759,5.58692646,5.69701862,5.39701843,5.42768431,5.35146523,5.05146503,4.75146484,4.88228369,4.58228350,4.28228331,4.76100349,4.46100330,4.60458088,4.30458069,4.27698803,4.52406693,4.89191723,4.59191704,4.29191685,3.99191689,3.72826910,3.93319440,4.67568302,4.93277502,5.31719494,5.59879208,5.99063253,6.43173933,6.13173914,7.21558905,7.25574160,7.54001331,7.75946951,7.51190948,7.58444738,8.39751244,8.09751225,7.79751205,8.20179558,9.23136520,9.34142590,9.54864979,9.43910122,9.13910103,8.83910084
0.00000000,0.14299138,0.64633459,1.01080239,0.71080238,0.75081301,0.49384609,0.49069756,0.86698288,0.74437636,0.62732631,0.95978922,1.37049687,1.44501197,1.34876657,1.36869550,1.29210138,1.62890697,1.92383480,2.02466941,1.95741320,2.19832611,2.52334666,2.78379083,3.75800347,3.90227628,4.20233202,3.90233207,4.06202888,4.55401850,4.69938087,5.01416397,4.91003656,5.49898148,5.82461739,6.35537577,6.77420759,6.95155048,7.16986895,6.86986876,6.56986856,6.47204256,6.59538221,6.73776913,6.82758379,6.88908243,6.65395641,6.45559502,6.57141542,6.27141523,5.97141504,6.04739809,6.30979538,6.53549576,6.60702944,6.30702925,6.00702906,5.81625938,6.00598478,6.17748404,5.93613243,5.76986885,6.24250078,6.48728752,6.23087120,6.59535885,6.29535866,5.99535847,5.94705057,5.95233297,6.31557226,7.07426167,7.92812252,8.47891998,8.17891979,7.87891960,7.57891941,7.27891922,6.97891903,6.67891884,6.37891865,6.07891846,6.18985653,6.37366581,6.24115515,6.08129025,5.78129005,5.69721985,5.64966488,6.19469643,6.86707687,7.33046389,7.18548346,7.35926676,7.05926657,6.75926638,6.45926619,6.26323271,6.34296274,6.44182587,6.25774288,6.21430016,6.18029070,6.71406889,6.41406870,6.11406851,5.92945385,5.62945366,5.52751541,5.70923233,5.47227955,5.17227936,4.87227917,5.09451866,4.93827295,4.63827276,5.53890610,5.99907351,6.14362001,5.84361982,5.80367422,5.60791492,5.61885691,5.72590113,5.54107618,5.34561682,5.28497791,5.03009129,4.91345119,4.73959827,4.52113819,4.46100330,4.63406086,4.54056454,4.62237549,4.45008659,4.23602486,4.65567684,4.80434895,4.50434875,4.20434856,4.22605801,3.92605805,4.37568283,4.89299297,5.05604506,5.34052515,5.69063234,6.13173914,6.71487713,6.91558886,7.12161589,7.24001312,7.45946932,7.58336830,7.48670435,8.09751225,8.39648628,8.09648609,7.90179539,8.93136501,9.12003517,9.37086201,9.38055325,9.28999329,9.08886909
0.00000000,0.00000000,0.34633458,0.71080238,1.10963178,0.81536335,0.86041582,0.56041580,0.56698287,0.86749560,0.61340863,0.65978920,1.20763826,1.35533655,1.41574240,1.26032376,1.32169187,1.38933671,1.62383485,1.90195858,1.99835217,1.90226138,2.22334671,2.69946265,3.45800352,3.65170908,3.90233207,4.00653172,3.98104358,4.25401831,4.39938068,4.76424503,5.42186451,5.19898129,5.57141304,6.05537558,6.47420740,6.65155029,6.97142744,7.12013626,6.97756243,6.67756224,6.49387026,6.65119123,6.66927862,6.88085747,7.00838661,6.83522797,6.53522778,6.60313463,6.30313444,6.08198500,6.06798792,6.35336161,6.40455961,6.61984110,6.31984091,6.01984072,5.71984053,5.96490717,6.28928900,6.01796865,5.94250059,6.18728733,6.45291996,6.29535866,6.69564104,6.39564085,6.09564066,5.96658421,6.01557207,6.77426147,7.62812233,8.17891979,8.72218800,8.42218781,8.12218761,7.82218742,7.52218723,7.22218704,6.92218685,6.62218666,6.32218647,6.22931051,6.30534887,6.44648218,6.14648199,5.84648180,5.95998955,5.89469624,6.56707668,7.03046370,7.29507160,7.35997295,7.45502424,7.23233700,6.93233681,6.63233662,6.33233643,6.40636969,6.34233379,6.18910027,6.30452251,6.41406870,6.72772694,6.42772675,6.15899038,5.85899019,5.68000603,6.12676811,6.15036535,5.85036516,5.55036497,5.25036478,5.17436552,4.96771097,5.23890591,5.69907331,6.12544489,6.14267731,5.84267712,5.82494497,5.64701796,5.68875074,5.76812744,5.64559364,5.34559345,5.17475224,5.07891703,4.77891684,4.84553051,4.54553032,4.35767794,4.67852116,4.37852097,4.78948259,4.48948240,4.35567665,4.68420172,4.73441648,4.51015949,4.22114992,4.24453259,4.09551620,4.59299278,4.97895622,5.04052496,5.39063215,5.83173895,6.51614904,6.69726467,6.82161570,6.95752668,7.22274065,7.43986893,7.60099411,7.79751205,8.20462799,8.39147854,8.09147835,8.63136482,8.86511612,9.11631489,9.24480534,9.12824917,9.19215393
0.10295392,0.04124808,0.04633458,0.67061567,0.80963176,1.67296529,1.37296534,1.07296538,0.77296537,0.56749558,0.96901208,0.66901207,0.90763825,1.05927539,1.27824020,1.67395949,1.65713191,1.91427171,1.61427176,1.69475698,1.85043609,2.05594230,1.94954455,2.77685189,3.15800357,3.35170913,3.60233212,4.01767302,3.94482183,4.23615742,4.49240017,4.50540018,5.17303276,5.38524008,5.45271444,5.75537539,6.17420721,6.35155010,6.74070406,7.08176947,7.51287794,7.45244026,7.15244007,6.85243988,6.62395334,6.58085728,6.88980341,7.33918047,7.03918028,6.73918009,6.50743198,6.20743179,6.04232693,6.05336142,6.17092228,6.31984091,6.71359921,6.41359901,6.11359882,5.81359863,6.07028008,6.36596632,6.06596613,6.02328920,6.19386196,6.17637300,6.51186275,6.55921841,6.35449076,6.06500196,5.99131632,6.47426128,7.32812214,7.87891960,8.42218781,8.64089775,8.35491085,8.05491066,7.75491047,7.45491028,7.36937809,7.06937790,6.76937771,6.92816973,6.62816954,6.43546438,6.45714045,6.23689556,5.93689537,5.93801975,6.26707649,6.73046350,6.99507141,7.25556374,7.42056847,7.42935085,7.32352781,7.02352762,6.79043150,6.49043131,6.37650442,6.25381756,6.11101389,6.11406851,6.42772675,6.72610807,6.42610788,6.15484524,5.86808395,5.82676792,6.08371067,5.96507549,5.79686499,5.49686480,5.19686460,5.01875734,4.93890572,5.39907312,5.82544470,6.02454805,6.42887020,6.45253420,6.15253401,5.85253382,5.55493355,5.88085890,5.58085871,5.39807320,5.09807301,5.02586460,5.16082668,4.86082649,4.62647438,4.37852097,4.56779385,4.48948240,4.76652384,4.46652365,4.43141270,4.78364086,4.72085047,4.42085028,4.43131924,4.28328371,4.29299259,4.67895603,5.03867340,5.28900528,5.53173876,6.21614885,6.50029421,6.65494680,6.99518013,6.92274046,7.20402002,7.33327675,7.54491472,7.90462780,8.11980247,8.34724998,8.33136463,8.58737183,8.81631470,9.01082516,9.12848377,9.07834911
0.00000000,0.00000000,0.00000000,0.37061566,0.79921138,1.37296534,1.88155627,1.58155632,1.28155637,0.98155636,0.68155634,0.83937144,0.60763824,0.75927538,0.97824019,1.47614551,1.79399264,2.26457644,1.96457648,1.66457653,1.56533003,1.80018532,2.04254556,2.47685194,2.85800362,3.05170918,3.30233216,3.73508358,4.08607674,4.03450441,4.29254293,4.62645531,4.87303257,5.10153294,5.70023680,5.45537519,5.87420702,6.05154991,6.49554443,6.84882402,7.40716171,7.68748426,7.57050896,7.34367037,7.04367018,6.74366999,6.58980322,7.03918028,7.11793756,6.99010706,6.87906694,6.57906675,6.27906656,5.97906637,5.87092209,6.01984072,6.41359901,6.54236174,6.24236155,5.95334673,5.91674995,6.23366165,6.25036097,5.95036077,5.92507124,5.91653013,6.56827450,6.38387251,6.53917122,6.23917103,6.05444384,6.17426109,7.02812195,7.57891941,8.12218761,8.38085747,8.47122192,8.17122173,7.87122154,7.61644173,7.49706888,7.44133282,7.14133263,7.19588709,7.04162359,6.75233603,6.45233583,6.41876364,6.19715643,5.93802166,5.96707630,6.43046331,6.69507122,6.96105289,7.29601908,7.38857365,7.52066183,7.22066164,6.99099112,6.69099092,6.39099073,6.23640966,6.23086262,5.93362665,6.12772655,6.54582834,6.61809444,6.31809425,6.01961422,5.81549072,5.78371048,5.93670607,5.94751787,5.97606516,5.67606497,5.37606478,5.07606459,5.09907293,5.52544451,5.88598204,6.21364021,6.91303825,6.61303806,6.31303787,6.01303768,5.77293348,5.78088808,5.57444715,5.32015944,5.05361128,5.42785597,5.12785578,4.83811617,4.53811598,4.42141724,4.44415092,4.46652365,4.62518501,4.49337196,4.68126583,5.00769854,4.70769835,4.48709154,4.35820866,4.39544344,4.37895584,4.73867321,5.23593044,5.23173857,5.91614866,6.20029402,6.35980415,6.77237082,6.97667933,6.90401983,7.08800507,7.24491453,7.60462761,8.01795578,8.22429180,8.34261131,8.28737164,8.51631451,8.71082497,8.84218311,8.93494606
0.00000000,0.00000000,0.00000000,0.07061566,0.49921137,1.07296538,1.58155632,1.79445982,1.49445987,1.19445992,0.89445990,0.59445989,0.99402165,0.69402164,0.90168482,1.17614555,1.49399269,1.96457648,2.36581659,2.06581664,1.76581669,1.50018537,1.74254560,2.17685199,2.59151530,2.94070101,3.09693193,3.43508363,4.22258568,4.00049877,3.99254298,4.32645512,4.57303238,4.99591970,5.45996714,5.91761875,5.61761856,5.93928671,6.19554424,6.62293577,7.10716152,7.38748407,7.47746849,7.70198154,7.49886656,7.19886637,6.89886618,6.73918009,6.90129185,7.03675508,7.03677225,6.89583302,6.59583282,6.29583263,5.99583244,5.78710699,6.11359882,6.24236155,6.60497379,6.41124487,6.11124468,6.49418259,6.42153978,6.12153959,5.87214708,5.86013985,6.26827431,6.54182005,6.38215256,6.49034309,6.19034290,6.03401566,6.72812176,7.27891922,7.82218742,8.16981888,8.46732616,8.39080620,8.09080601,7.79080582,7.55872774,7.34460163,7.25013685,6.95013666,7.21506453,6.96926117,6.94326639,6.64326620,6.43272257,6.13272238,5.83272219,6.13046312,6.68624401,6.66105270,6.99601889,7.31594038,7.37763262,7.45911312,7.15911293,6.90613937,6.60613918,6.36124897,6.62623549,6.32623529,6.16599989,6.55298090,6.87714672,6.57714653,6.27714634,6.04337311,5.79718781,5.71041727,5.95612478,5.83684540,6.18205023,5.88205004,5.58204985,5.28204966,5.22544432,5.84035969,5.91364002,6.61303806,7.51774120,7.21774101,6.91774082,6.61774063,6.31774044,6.01774025,5.71774006,5.41773987,5.12785578,5.54814625,5.24814606,4.94814587,4.64814568,4.34814548,4.35148239,4.38040543,4.39657259,4.38438988,4.70769835,5.03412867,4.73412848,4.43412828,4.48217773,4.54351950,4.45463610,5.02579498,5.20538568,5.61614847,5.90029383,6.05980396,6.47237062,6.96695328,7.04537487,6.78800488,7.20914221,7.35519075,7.71795559,7.93277550,8.27885818,8.27471542,8.36607170,8.45907211,8.69748878,8.72527027
0.00000000,0.00000000,0.13027233,0.00000000,0.20775846,0.77296537,1.39447844,1.49445987,1.67894065,1.53440070,1.23440075,1.02058780,0.72058779,1.00454021,0.70454019,0.87614554,1.19399273,1.66457653,2.06581664,2.33415079,2.03415084,1.73415089,1.61347127,1.87685204,2.29151535,2.64070106,2.84740663,3.37612057,3.92258573,4.19935608,3.89935613,4.18353701,4.27303219,4.69591951,5.15996695,5.61761856,5.93702602,5.72878790,6.13801098,6.32293558,6.80716133,7.08748388,7.38718128,7.42579746,7.64312077,7.47931385,7.17931366,6.87931347,6.79216051,6.97321510,7.27777863,6.97777843,7.03892946,6.73892927,6.43892908,6.13892889,5.83892870,5.99048567,6.30497360,6.62612247,6.49671078,6.19671059,6.44619083,6.17610073,5.87610054,6.03971672,5.99970627,6.63213491,6.54592752,6.33231211,6.67588902,6.37588882,6.42812157,6.97891903,7.52218723,7.86981869,8.16732597,8.31069946,8.23008156,8.21568584,7.91568565,7.79526567,7.49526548,7.30618000,7.04268312,7.43933582,7.13933563,6.90802717,6.84940720,6.62254047,6.32254028,6.10196686,6.38624382,6.76565313,6.69601870,7.01594019,7.49559355,7.44403124,7.45037985,7.38804054,7.08804035,6.78804016,6.48803997,6.67200232,6.37200212,6.32578707,6.68416071,6.69713688,6.42593336,6.12593317,5.95497894,5.65497875,5.80203056,6.39807129,6.09807110,6.22425461,5.95653915,5.65653896,5.35653877,5.54035950,5.82936859,6.31303787,7.21774101,7.38420630,7.23131418,7.12376261,6.82376242,6.52376223,6.22376204,5.92376184,5.62376165,5.32376146,5.39862347,5.41115904,5.24332523,4.94332504,4.64332485,4.43344355,4.42481470,4.61526108,4.72885466,4.73412848,4.95527506,4.65527487,4.57594442,4.39226151,4.57430983,4.72579479,5.01474428,5.31614828,5.60029364,5.75980377,6.20682383,6.66695309,6.85697365,6.84028959,6.90914202,7.05519056,7.68718767,8.03628922,7.97885799,8.00625038,8.33140659,8.51725864,8.54054260,8.59089088
0.04397997,0.00000000,0.43680650,0.16059099,0.00000000,0.47296536,1.09447849,1.56826210,1.76239061,1.93535209,1.63535213,1.33535218,1.03535223,0.76234996,0.99530357,0.69530356,0.89399272,1.36457658,1.76581669,2.12429881,2.39515233,2.09515238,2.01854563,1.71854568,1.99918997,2.34070110,2.76666212,3.07612062,3.62258577,3.98400879,4.03212643,3.96431828,4.03540707,4.39591932,4.85996675,5.31761837,5.72701645,6.06455421,5.83801079,6.02293539,6.50716114,6.78748369,7.08718109,7.31613064,7.34312057,7.74835777,7.59998608,7.29998589,7.19325590,6.89325571,6.98664093,7.75644779,7.45644760,7.19260073,6.90816545,6.61325932,6.31325912,6.12685585,6.00497341,6.32612228,6.71409082,6.71193981,6.41193962,6.54741383,6.24741364,5.94741344,6.05902052,6.33213472,6.68840742,6.57170343,6.47293663,6.73115778,6.43115759,6.79858875,7.22218704,7.56981850,7.86732578,8.43174458,8.69723511,8.39723492,8.34851456,8.04851437,7.74851418,7.44851398,7.45477438,7.15477419,7.64611340,7.34611320,7.04611301,6.80511713,6.50511694,6.61156940,6.31156921,6.59880877,6.48403931,6.90460777,7.19559336,7.56137037,7.67094660,7.71169567,7.41169548,7.19848919,7.04298687,6.93785810,6.73307562,6.67107773,6.63566303,6.65337563,7.07949591,6.77949572,6.47949553,6.17949533,5.87949514,6.10183811,6.89489794,6.59489775,6.63645124,6.33645105,6.03645086,5.73645067,5.52936840,6.01303768,6.91774082,7.42286634,7.57942390,7.27942371,7.17348051,6.87348032,6.94603586,6.64603567,6.34603548,6.04603529,5.74603510,5.69332790,5.41558886,5.52438545,5.22438526,4.95172453,4.65172434,4.43184662,4.66904497,4.88242626,4.88677502,5.15246439,4.85246420,5.00476170,4.70476151,4.45058012,4.71474409,5.03875017,5.59040546,5.69463825,5.90682364,6.36695290,6.55697346,7.06983566,6.76983547,6.84048796,7.38718748,7.87359905,8.22548008,8.08167553,8.23453903,8.43139744,8.42656898,8.76136589
0.00000000,0.00000000,0.13680650,0.43874848,0.13874848,0.17296536,0.79447848,1.26826215,1.82161021,1.81128430,1.81649637,1.64982128,1.34982133,1.27759945,0.97759944,0.95523864,0.65523863,1.06457663,1.46581674,1.82429886,2.09515238,2.22451782,2.15505195,1.91367328,1.72384214,2.04070115,2.46666217,2.77612066,3.32258582,3.68400884,3.96487308,4.16176796,3.86176801,4.09591913,4.55996656,5.01761818,5.42701626,5.76455402,5.86384487,5.89877272,6.20716095,6.48748350,6.78718090,7.01613045,7.12139845,7.44835758,7.78985834,7.50416851,7.53606558,7.23606539,6.93606520,7.45644760,7.72705650,7.42705631,7.43819904,7.19696236,6.89696217,6.59696198,6.29696178,6.02612209,6.41568518,6.86942291,6.56942272,6.26942253,6.36219454,6.51508713,6.21508694,6.48022366,6.38972712,6.82067108,6.64152908,6.44273233,6.52799273,6.54506588,6.92218685,7.26981831,7.56732559,8.13174438,8.48233795,8.68502617,8.41993332,8.38810825,8.09916210,7.79916191,7.56671190,7.51315212,7.39654922,7.49791050,7.48854733,7.21851826,6.91851807,6.61851788,6.48833561,6.32502127,6.63968515,6.60460758,7.00314760,7.33104038,7.51338720,7.77505684,7.62984991,7.37283611,7.18737507,7.18255854,6.96647692,6.76822996,6.71659184,6.41659164,6.77949572,7.26816463,6.96816444,6.66816425,6.36816406,6.10109520,6.59489775,6.87392998,6.68659639,6.86163044,6.62436056,6.32436037,6.02436018,5.72435999,6.61774063,7.12286615,7.46510506,7.57963037,7.45997095,7.19411898,6.92838097,6.84818792,6.79269695,6.49269676,6.19269657,5.89269638,5.69230127,5.41819668,5.44605017,5.20880795,4.95608902,4.65608883,4.42842770,4.80618429,4.79511690,4.85246420,5.11491728,4.86205816,4.94306993,4.64306974,4.41474390,4.87965965,5.29040527,5.49129534,5.60682344,6.06695271,6.25697327,6.76983547,6.85881948,6.62526941,7.08718729,7.57359886,7.92547989,8.14883900,8.10151577,8.18634129,8.37082672,8.46136570
0.19032586,0.07020807,0.00000000,0.33985710,0.47578675,0.63182747,0.49447846,0.96826214,1.52161026,1.69520772,1.81815410,1.68126357,1.58140361,1.28140366,1.18252003,1.08387530,1.26209986,1.19142616,1.16581678,1.62529612,1.82436979,2.17279816,2.31312656,2.45873785,2.15873790,1.85873795,2.16666222,2.48194432,3.02258587,3.64446354,3.77556396,4.05125809,4.49427891,4.19427872,4.25996637,4.71761799,5.12701607,5.46455383,5.90997505,5.93014097,6.19552374,6.53375626,6.75333738,6.97826624,7.05106497,7.14835739,7.53423071,8.05573368,7.75573349,7.54501915,7.24501896,7.15644741,7.42705631,7.60894489,7.30894470,7.34935760,7.25958300,6.95958281,6.65958261,6.35958242,6.13826180,6.57251215,6.86627579,6.67963171,6.37963152,6.21508694,6.75082588,6.45082569,6.43327045,6.52067089,6.85898733,6.68440628,6.38440609,6.38664007,6.62218666,6.96981812,7.26732540,7.83174419,8.18233776,8.38502598,8.81611252,8.59280300,8.29280281,8.65076542,8.35076523,8.05076504,7.75076485,7.47571468,7.39407110,7.41178846,7.21816730,6.91816711,6.61816692,6.48754740,6.33968496,6.72159433,6.70314741,7.03104019,7.48748875,7.49609089,7.59562540,7.57948971,7.29583263,7.00652599,7.18592262,7.02140427,6.72193336,6.83674335,6.53674316,6.96816444,7.32698774,7.02698755,6.72698736,6.42698717,6.29489756,6.57392979,6.71916485,6.56163025,6.81055450,6.59984255,6.44857073,6.50168848,6.31774044,6.82286596,7.16510487,7.63507891,7.45174837,7.37559843,7.19521999,6.89521980,7.29176283,6.99176264,6.69176245,6.39176226,6.09176207,5.79821968,5.49821949,5.37259531,5.24277020,5.15763569,4.85763550,4.55763531,4.90903950,4.82786417,4.81491709,5.23410988,4.93410969,5.12602663,4.82602644,4.57965946,5.03821182,5.39714718,5.61733675,5.76695251,6.09961271,6.46983528,6.72757244,6.91604519,6.78718710,7.27359867,7.68548107,7.96671534,8.09282494,8.00687122,8.07082653,8.33212280
0.00957603,0.15306622,0.00000000,0.08240020,0.55143690,0.78576404,1.00528646,0.70528644,1.22161031,1.39520776,1.51815414,1.94897640,1.66006494,1.53502333,1.23502338,1.19423151,1.21016979,1.71637869,1.41637874,1.33079720,1.52436984,1.87279820,2.19052124,2.57710123,2.34456468,2.04456472,1.86666226,2.30507922,2.72258592,3.34446359,3.62554145,4.00221205,4.19427872,4.26630354,4.07378483,4.41761780,4.82701588,5.16455364,5.67725801,5.99348974,5.92112017,6.32604122,6.87297964,6.93576145,6.92478895,7.07100296,7.23423052,7.75573349,7.96386051,7.66386032,7.76708651,7.46708632,7.16708612,7.30894470,7.37665510,7.13992643,7.34423590,7.04423571,6.82508373,6.65088892,6.44068718,6.27251196,6.56627560,6.63701439,6.48689032,6.26788425,6.45082569,6.68922329,6.44889164,6.22067070,6.64011669,6.67148113,6.59260130,6.29260111,6.38018894,6.66981792,6.96732521,7.53174400,7.88233757,8.08502579,8.51611233,9.17658710,8.87658691,8.80242157,8.87208080,8.57851124,8.27851105,7.97851086,7.67851067,7.49604416,7.47177744,7.17177725,6.87177706,6.57237101,6.55748081,6.42159414,6.87457180,6.73104000,7.18748856,7.48609161,7.41642904,7.32680273,7.48080826,7.18080807,6.94028616,7.27123404,6.97123384,6.67123365,6.65479946,6.66816425,7.02698755,7.15609550,7.12680626,7.02168369,6.72168350,6.42168331,6.41916466,6.43325996,6.87530899,6.87096930,7.01695633,6.90987492,6.60987473,6.52286577,6.86510468,7.68902826,7.56000614,7.54736567,7.24736547,7.32890368,7.41814995,7.11814976,7.00277472,6.70277452,6.52900600,6.22900581,5.92900562,5.62900543,5.45148373,5.60756159,5.49935818,5.19935799,4.89935780,4.64896774,4.97636461,4.93410969,5.19656754,4.90353680,5.07572889,4.81165218,4.73821163,5.09714699,5.72787905,5.63406420,5.79961252,6.16983509,6.42757225,6.61604500,7.16342306,7.03840160,7.38548088,7.66671515,7.96203041,7.96256638,7.86746264,8.03212261
0.00000000,0.00000000,0.17510535,0.20705131,0.25143689,0.48576403,0.70528644,1.16164780,1.10603523,1.20242441,1.34808564,1.89750218,1.69702530,1.54416513,1.53681135,1.23681140,1.02516115,1.41637874,1.39952600,1.15435326,1.24710190,1.60844350,1.89052129,2.27710128,2.59499049,2.29499054,1.99499059,2.00507927,2.42258596,3.04446363,3.32554150,3.70221210,3.89427876,4.08608484,4.28325796,4.11761761,4.52701569,4.86455345,5.37725782,5.69348955,5.86364174,6.02604103,6.57297945,6.64383888,6.63173485,6.81190872,6.93423033,7.45573330,7.66386032,7.79512405,7.64791870,7.70834541,7.47465992,7.17465973,7.29471922,7.44000387,7.14000368,7.77832413,7.47832394,7.17832375,6.87832355,6.57832336,6.27832317,6.42477703,6.44324636,6.74560690,6.44560671,6.51566219,6.51917553,6.30293512,6.34011650,6.37148094,6.34995794,6.68103743,6.38103724,6.42559433,6.66732502,7.23174381,7.58233738,7.97394180,8.21611214,8.87658691,9.14546108,8.84546089,9.05230808,8.95373535,8.65373516,8.35373497,8.05373478,7.75373459,7.45373440,7.47378778,7.17378759,6.97714901,6.88308430,6.58308411,6.57457161,6.67114830,6.88748837,7.18609142,7.40244627,7.26429033,7.18080807,7.86173201,7.56173182,7.26173162,7.08454561,6.78454542,6.67644930,6.62642193,6.72698736,6.88491583,7.26734877,7.56994295,7.26994276,6.96994257,6.66994238,6.36994219,6.57530880,6.76263237,7.15386581,7.02394152,6.77234602,6.54769611,6.62687111,7.38902807,7.93551302,8.16182518,7.86182499,7.56182480,7.26182461,7.21365023,7.40416241,7.10416222,7.01337433,6.71337414,6.41337395,6.11337376,5.81337357,5.54531765,5.50965881,6.08779812,5.78779793,5.48779774,5.18779755,4.91218710,4.96032619,4.80746889,4.77572870,5.06557131,4.76557112,4.79714680,5.42787886,5.47486734,5.49961233,5.86983490,6.12757206,6.40756750,6.86342287,7.06738329,7.08548069,7.36671495,7.73504114,7.95662594,8.05324554,7.77416325
0.00000000,0.00000000,0.00000000,0.26388878,0.22186586,0.18576403,0.48901233,0.86164778,1.44165802,1.14165807,1.18228590,1.73335004,1.91064727,1.71732855,1.69328833,1.39328837,1.09328842,1.11637878,1.12904572,1.10937214,1.13349652,1.30844355,1.59052134,1.97710133,2.29499054,2.35775447,2.30349350,2.27127934,2.12258601,2.74446368,3.02554154,3.40221214,3.62003636,4.03413677,4.22699213,4.28928804,4.22701550,4.56455326,5.13451385,5.43180180,5.70419931,5.72604084,6.27297926,6.34383869,6.44586563,6.51190853,6.76589870,7.15573311,7.40167236,7.85533619,7.80099726,7.70839834,8.01387119,7.71387100,7.41387081,7.50403261,7.33425093,7.47832394,7.62101555,7.32101536,7.13419676,6.88890171,6.58890152,6.28890133,6.19578457,6.78686666,7.03443813,6.73443794,6.45243406,6.68036842,6.38036823,6.11395264,6.29920721,6.38103724,6.91835833,6.61835814,6.36732483,6.93174362,7.28233719,7.82463503,7.91611195,8.57658672,8.89964008,8.87200069,9.05698490,9.18051243,8.88051224,8.58051205,8.72409916,8.42409897,8.12409878,7.82409859,7.52409840,7.38582993,7.29925203,6.99925184,6.74865961,6.76112843,6.58748817,7.13091516,7.42816734,7.27408504,7.18208933,7.56757832,7.75708723,7.54503155,7.24503136,6.94503117,6.73509645,6.71845484,6.63520288,6.60117531,6.96734858,7.41269684,7.56847715,7.60148048,7.30148029,7.00148010,6.70147991,6.59783554,6.98654461,7.06956720,7.06034660,6.76034641,6.75125456,7.08902788,7.71299410,8.35813332,8.05813313,8.00454998,7.70454979,7.40454960,7.49810505,7.21685505,7.34645605,7.04645586,6.75799799,6.45799780,6.53007889,6.23007870,5.93007851,5.78779793,6.00951052,5.88690758,5.81382561,5.51382542,5.21382523,4.91382504,4.74076653,5.01985407,5.00688219,4.70688200,5.12787867,5.19327831,5.27213907,5.56983471,5.82757187,6.10756731,6.56342268,6.82563162,6.93551826,7.06671476,7.43504095,7.89621878,8.07874203,8.15921021
0.45143318,0.23576874,0.00000000,0.10203991,0.00000000,0.34230328,0.37509471,1.15240097,1.25123382,1.55542290,1.50939715,1.43335009,1.61064732,1.81382346,1.70530999,2.00833797,1.86297822,1.56297827,1.26297832,1.58421326,1.81955290,1.51955295,1.57085586,1.67710137,1.99499059,2.05775452,2.58432555,2.39423347,2.09423351,2.44446373,2.82175708,3.17345428,3.56548738,3.73413682,3.93863201,4.32434940,4.71152115,4.41152096,4.83451366,5.13180161,5.43072701,5.95963001,5.97297907,6.04383850,6.14586544,6.64687586,7.12903309,6.91619349,7.44572306,7.63190699,7.70186901,8.01763344,7.73302650,8.01834297,7.76929331,7.46929312,7.44042635,7.62258673,7.32258654,7.35031748,7.29622507,7.05005455,6.75005436,7.32044601,7.02044582,6.72044563,6.73443794,6.85946989,7.03857803,6.73857784,6.78536844,6.90933371,6.60933352,6.30933332,6.61835814,6.95078611,6.65078592,6.65505743,7.54748344,7.52463484,8.00552559,8.27658653,8.59963989,8.79822445,8.97379684,9.05923176,9.08432674,9.00364113,8.70364094,8.60654068,8.30654049,8.00654030,7.70654011,7.40653992,7.11166763,7.70511961,7.40511942,7.10511923,6.84578323,6.83091497,7.12816715,8.02342415,7.72342396,7.42342377,7.68683481,7.59923792,7.41101027,7.52419615,7.60281134,7.30281115,7.00281096,7.21105385,6.91105366,7.11269665,7.38325977,7.65316296,7.38594294,7.15809393,7.07090235,6.77090216,6.68654442,7.12517023,7.00796890,7.45421696,7.15421677,6.85421658,7.41299391,8.05813313,8.07536697,7.80032682,8.11450386,7.81450367,7.51450348,7.21450329,7.09209538,8.11423588,7.81423569,7.51423550,7.21423531,6.91423512,6.61423492,6.31423473,6.25513220,6.55995989,6.25995970,6.24633932,5.94633913,5.64633894,5.34633875,5.04633856,5.83202744,5.81867647,5.51867628,5.21867609,5.07242680,6.05968285,5.75968266,5.81080914,6.26342249,6.77793884,7.57373905,7.64608383,7.34608364,7.59621859,7.77874184,8.52015209
0.15143318,0.37572563,0.22293730,0.22653213,0.00000000,0.36250621,0.55412167,0.85240096,1.14890373,1.27317119,1.65833509,1.35833514,1.31064737,1.51382351,1.40721691,2.00243378,2.27762866,2.20810628,1.90810633,1.60810637,1.59459674,2.07665873,1.77665877,1.75738347,1.69499063,1.75775456,2.28432560,2.88735485,2.58735490,2.37162662,2.54521060,3.02540159,3.26548743,3.43413687,3.82007575,4.02434921,4.80612040,4.50612020,4.53451347,4.84916353,5.13072681,5.65962982,6.16475868,5.86475849,5.84586525,6.34687567,6.82903290,7.10748053,7.14572287,7.46867371,7.64341688,7.72333670,8.05532551,7.75532532,7.88847256,7.75038624,7.50872564,7.32258654,7.17368793,7.05031729,7.55455685,7.30570841,7.00570822,7.02044582,7.19478655,6.96294403,6.93788338,6.68791103,6.84448385,6.96342754,6.83235264,6.73674917,6.66704082,6.63936043,6.33936024,6.65078592,6.53151798,6.42118406,7.24748325,7.50265312,7.70552540,8.16396427,8.29963970,8.73904324,8.92124939,9.09437847,8.94094944,8.97532177,8.94381142,8.64381123,8.42984581,8.27473068,7.97473049,7.67473030,7.37473011,7.40511942,8.02858543,7.72858524,7.42858505,7.12858486,6.82858467,7.72342396,8.04310417,7.74310398,7.53203392,7.74527931,7.44527912,7.22419596,7.64201689,7.49355555,7.22398186,6.95193768,7.18724775,7.11632490,7.20573854,7.35316277,7.49540710,7.31052589,7.43899632,7.14891291,6.89604282,7.01105976,7.13649321,7.15421677,7.30340862,7.13426876,7.11299372,7.75813293,7.88273811,7.75572872,8.02192211,7.80775404,7.57124281,7.27124262,7.17112827,7.81423569,8.12124825,7.82124805,7.52124786,7.39787865,7.09787846,6.79787827,6.67078495,6.37078476,6.60716724,6.35262537,6.60766792,6.30766773,6.00766754,5.70766735,5.53202724,6.15071917,5.85071898,5.55071878,5.25071859,5.75968266,5.64827013,5.70495272,5.96342230,6.53471851,7.27373886,7.52198076,7.55853844,7.33522749,7.55855703,8.22015190
0.00000000,0.12537053,0.27118427,0.35389280,0.58985221,0.28985220,0.87122101,0.67139733,0.84890372,0.97317117,1.35833514,1.99409056,1.69409060,1.39409065,1.43630445,1.70243382,1.97762871,2.41937208,2.16050649,1.97510207,1.67510211,1.77665877,1.99008107,1.90066326,1.72802639,1.62656200,1.98432565,2.58735490,3.02072787,2.72072792,2.42072797,2.85503435,3.20087671,3.16639733,3.52007580,3.85944891,4.50612020,4.80894566,4.93689346,4.63689327,4.83072662,5.35962963,5.86475849,6.16276217,5.86276197,6.04687548,6.52903271,6.80748034,7.00726700,7.16867352,7.91288757,7.61288738,7.75532532,7.94497442,7.64497423,7.87854576,7.60550976,7.30550957,7.28078175,7.21537590,7.25455666,7.46315145,7.29527712,6.99527693,6.89478636,7.24885321,7.20765543,6.90765524,6.83325577,6.67390633,7.16818428,6.86818409,6.77348852,6.62465525,6.80668020,6.50668001,6.68898535,6.38898516,6.94748306,7.24136019,7.40856028,8.06101608,7.99963951,8.43904305,8.96910954,8.97644901,9.00601578,9.01886463,9.25251293,9.03980446,8.73980427,8.80318832,8.50318813,8.20318794,7.90318775,7.60318756,7.72858524,7.86615658,7.56615639,7.73276567,7.43276548,7.42342377,7.86862183,8.16013908,7.86013889,7.73666096,7.69415331,7.39415312,7.34201670,7.77144861,7.74660444,7.44660425,7.20409966,7.43773079,7.13773060,7.10505533,7.36087799,7.23837423,7.51961851,7.68900633,7.38900614,7.08900595,6.83649302,7.01554489,7.08703041,7.71172810,7.41172791,7.45813274,7.59628010,8.16348839,8.01948357,7.93687582,7.96424198,7.66424179,7.57489014,7.51423550,7.82124805,8.15448761,7.98360729,7.93253994,7.78532505,7.48532486,7.18532467,6.88532448,6.76172018,6.46171999,6.53410244,6.60190725,6.45211267,6.33038425,6.03038406,5.85071898,6.35592747,6.05592728,5.75592709,5.45968246,5.81147528,5.66742611,6.05119181,6.23471832,6.97373867,7.22198057,7.44029093,7.53213167,7.25855684,7.92015171
